1 86430 92290 91340
2 103720 92940 94950
3 101520 95340 100570
4 102910 94550 99260
5 101430 94810 101540
6 104070 100470 97750
7 102130 94170 99940
8 98140 93440 101910
9 102630 95820 98010
10 104430 94810 102260
20 105040 96630 98770
30 103760 98590 99680
40 105810 95340 105300
50 107380 95670 102970
60 103530 96170 103550
70 111010 97500 103550
80 107730 97240 105370
90 105970 99660 105770
100 106000 99170 105770
110 107730 99660 103950
120 111010 97090 105090
130 106760 97620 106240
140 107130 99660 105550
150 107730 98800 105760
160 107730 98910 105040
170 107730 97050 107450
180 107130 99660 105950
190 107730 99660 105950
200 107530 99660 105760
210 107380 99660 105760
220 107130 99660 107080
230 108470 99660 106090
240 111010 99660 107080
250 111010 99660 107320
260 107130 99660 107080
270 106990 97620 103680
280 107380 100090 104370
290 111150 98420 105760
300 107800 99660 106110
