1 225140
2 219190
3 235730
4 230160
5 235830
6 233880
7 228470
8 234220
9 242280
10 230330
11 237320
12 226250
13 232590
14 234410
15 234710
16 232660
17 237800
18 235190
19 238440
20 242420
21 235740
22 238860
23 241830
24 238230
25 243980
26 239850
27 243310
28 237760
29 243410
30 236900
31 238530
32 239290
33 238290
34 238220
35 239360
36 235840
37 243420
38 237550
39 240260
40 239370
41 237850
42 239590
43 235120
44 242900
45 232590
46 238450
47 237020
48 241450
49 239650
50 240220
51 245700
52 243410
53 240080
54 243980
55 240340
56 245710
57 239900
58 236300
59 244890
60 243980
61 240770
62 241360
63 240280
64 241200
65 240120
66 246910
67 240700
68 239340
69 236720
70 246910
71 242340
72 245390
73 242340
74 245790
75 242400
76 245220
77 240120
78 241310
79 244570
80 243980
81 244950
82 246850
83 242870
84 241240
85 247620
86 239620
87 242070
88 241070
89 238740
90 238520
91 240850
92 244510
93 243360
94 241860
95 241590
96 242090
97 243200
98 238890
99 243410
100 241770
101 243890
102 243010
103 238450
104 238450
105 241840
106 247880
107 240080
108 241390
109 242690
110 244230
111 248930
112 241620
113 243980
114 243500
115 239570
116 243930
117 237220
118 242360
119 243120
120 245460
121 246610
122 240790
123 245330
124 241590
125 239150
126 240470
127 245370
128 241360
129 239240
130 245300
131 246010
132 243080
133 238570
134 238990
135 240430
136 241580
137 243290
138 243980
139 238470
140 244430
141 243980
142 243290
143 240750
144 241280
145 245200
146 244240
147 241740
148 245440
149 245060
150 241410
151 245860
152 241170
153 248030
154 245110
155 242340
156 238870
157 244510
158 242090
159 241280
160 244230
161 243360
162 241610
163 244400
164 239350
165 244240
166 243750
167 240340
168 239880
169 244890
170 246630
171 238920
172 240280
173 243200
174 246130
175 241810
176 245410
177 244910
178 242670
179 244070
180 244230
181 249840
182 245270
183 242340
184 241340
185 242340
186 249890
187 243970
188 237450
189 240170
190 241470
191 242490
192 244290
193 241930
194 241450
195 245340
196 242000
197 249780
198 244110
199 242540
200 242030
