10 28764 7790 4009
20 16415 8561 5932
30 9990 10121 13098
40 21083 17765 17165
50 35362 34624 33659
60 51465 43813 41555
70 65530 54241 56412
80 87076 73897 72703
90 115791 101950 90346
100 149470 109397 112088
110 157928 142488 139496
120 183991 164218 161908
130 223270 188869 189264
140 255979 241368 251713
150 357943 264094 264138
160 397634 302978 317072
170 431691 336199 329222
180 516502 363938 372656
190 609098 421978 434215
200 597388 566902 510037
210 676971 583808 567136
220 806923 628465 618431
230 833591 697995 715066
240 930540 739823 752014
250 978636 906504 876605
260 1189004 981838 911720
270 1361999 1115243 1122395
280 1473710 1101878 1176359
290 1510737 1302419 1201132
300 1527838 1356369 1284774
310 1766353 1551485 1415740
320 2601713 1623590 1649554
330 2291695 1993946 1736981
340 2319180 1961115 1771913
350 2623867 2022310 2039942
360 2638045 2272124 2261577
370 3171274 2629099 2566826
380 2901219 2510720 2707968
390 3076886 2707705 3049285
400 4092900 3035505 3113570
410 3642872 3135572 3213325
420 3929392 3477759 4143076
430 4015360 3796951 3907322
440 4697129 4572592 4146971
450 5501707 5084965 4467489
460 5229274 4914319 4718996
470 5374286 4947515 4714259
480 6063139 5800995 5071956
490 6375143 5961194 5693348
500 6561452 5892922 5732671
510 7065907 6304791 6077196
520 7524182 6318279 7080272
530 7808372 6912133 6533702
540 8268225 7411261 8125691
550 8545060 8338898 7904699
560 11904589 8559361 8567289
570 10026000 8152945 8744840
580 10055983 8712631 8538666
590 10384445 8595847 8848832
600 11953475 11707011 10530052
610 13703554 11406986 12007661
620 11977581 12566060 12685585
630 16367481 11785518 10467093
640 13217803 10736539 10361346
650 13541818 13294050 11527892
660 15606811 12279035 11692652
670 14654273 12078988 11881804
680 15286285 12991755 13062434
690 17093247 13185404 12779954
700 16563117 16388144 12565582
710 16592755 15357866 13589360
720 18259204 14689655 14556193
730 18351901 14258085 13908572
740 19126747 15283393 15048579
750 20391300 15237123 14429574
760 21085944 18046131 15690913
770 22180642 17498568 15118926
780 20469288 17679038 16444888
790 23551127 18560386 16938497
800 24940329 20436531 16712276
