10 829 116 129
20 310 397 458
30 644 922 941
40 1342 1630 6025
50 23327 1610 1455
60 1949 2457 1876
70 3290 1343 575
80 1132 743 686
90 1963 3554 617
100 10052 555 546
110 516 586 620
120 561 750 763
130 702 583 14916
140 473 512 769
150 576 564 683
160 685 682 692
170 700 754 1427
180 806 770 877
190 1089 861 940
200 1019 1045 2949
210 1105 1055 1176
220 1174 1257 1207
230 2644 1260 1344
240 1395 1342 1763
250 1575 1580 1823
260 1922 2183 7059
270 1666 1760 1775
280 1927 1779 1762
290 2007 1984 8914
300 1962 2170 2175
310 2266 2402 2263
320 2627 2315 3453
330 3012 3066 3468
340 3333 3515 3360
350 2803 3084 3383
360 3106 3159 3540
370 3152 3239 3958
380 3013 10083 3852
390 3897 4250 4748
400 3654 4681 5159
410 3615 4850 5405
420 5481 6262 6458
430 4999 6097 6861
440 5397 7820 6349
450 4443 6934 7936
460 5288 6292 7563
470 5148 6589 7388
480 5764 8729 8915
490 7114 7684 8150
500 6990 9669 9603
510 7517 8501 9678
520 6614 10444 10509
530 7827 9376 20097
540 8979 12357 12534
550 10595 12385 13337
560 14431 10593 13177
570 9060 11380 13144
580 10602 12256 12658
590 10173 12570 14194
600 10867 13670 15719
610 12021 24239 16666
620 12290 14304 15318
630 12825 14890 16404
640 12326 14898 16294
650 14810 17084 17617
660 13315 17289 19383
670 17451 19986 19622
680 17565 19193 36385
690 15280 17223 17491
700 17037 18904 19004
710 18491 22668 20884
720 18858 20348 20248
730 19082 21892 21906
740 19791 22263 22439
750 21417 22424 24033
760 20941 22811 24225
770 20068 23500 25478
780 22104 24103 25959
790 20969 23980 27503
800 23389 24063 26555
810 24843 25830 26678
820 23920 27904 31227
830 25321 28138 32526
840 25139 25332 27097
850 39111 26887 30396
860 26929 27747 29370
870 27210 29821 31215
880 27082 30166 31397
890 28361 45888 32890
900 30126 30146 31557
910 31605 32585 32798
920 30457 32639 33803
930 32569 31504 35220
940 34561 35483 35114
950 34497 35978 38608
960 35256 37484 37572
970 32936 37298 37156
980 35018 39285 39334
990 36523 38075 38236
1000 36844 52156 41832
1010 45552 44306 46524
1020 38720 36798 42949
1030 39607 41031 42350
1040 40748 42665 44643
1050 40982 44314 44437
1060 43599 44156 42196
1070 43243 42769 44830
1080 41092 45299 47882
1100 48586 47727 51068
1110 48966 47079 49033
1130 48574 52582 53344
1140 50288 50417 46221
1150 49610 49198 52291
1160 50475 48814 53875
1170 68731 51640 54499
1180 53426 54244 51606
1200 52670 53552 57672
1210 53935 55878 51978
1220 54233 57458 57680
1240 63929 59396 56412
1260 61865 66725 66453
1280 64528 65142 68671
1290 63014 64606 58038
1300 64593 65220 68878
1320 64407 63220 66231
1350 71569 74228 76769
1370 75617 71924 83265
1380 66714 72569 74286
