1 448 10 9
2 31 22 21
3 46 38 46
4 103 88 93
5 228 119 113
6 504 266 156
7 1099 419 199
8 2624 524 847
9 3104 1523 662
10 3659 2007 544
11 8538 1423 1857
12 17482 2915 2031
13 25679 6180 2561
14 36280 9378 3838
15 63841 9651 5958
16 71606 11059 13605
17 168020 22050 18228
18 264557 19988 11516
19 483888 68341 55980
20 963785 105432 31653
21 665888 128620 53736
22 2089750 149633 135193
23 1230926 217315 156768
24 2040158 147770 135179
25 4187485 384152 277572
26 5819401 393881 198278
27 6429996 496362 420313
28 4437879 2463539 322217
29 15578506 1807494 428013
30 25843876 1366074 531163
31 19340099 2499433 888688
32 32287585 3306563 1187730
33 119010534 3128046 1044919
34 168191060 6941545 1244750
36 516479789 49499184 2232185
