50
250 44 12 31 37 41
270 30 49 26 35 7 5 42 15 22 43
200 25 11 19 23 42 46 31 8 40 44 49
190 39 9 8 23 34 35 37 49
170 2 11 21 28 24
280 17 12 20 32 35 16 25 14 21 26
280 2 48 45 25 22 28 49
40 4 26 41 29 18 23 3 34 16 28 39 40 43 44 45
290 4 16 12 26 23 48 14 21 44 50
340 16 22 27 28 38 49
280 3 5 19 17 37 28 47 22 26
180 1 6 9 49 34 42 28 22 29 43 45
250 23 40 44 37 16 18 25 26 31 41
470 43 6 34 9 33 21 17 25 32 36 37 40
140 2 36 29 27 16 22 37 44
310 6 9 15 32 36 10 22 19 13 8 47 28 35 37 48
90 6 11 41 47 31 14 25 24 20 28 45
70 8 22 35 23 13 28 47 49 34 50
190 3 11 16 25 26 27 28 40
410 6 17 41 45 46 48
320 5 14 37 48 9 28 6 25 34
160 16 18 12 11 28 49 2 7 10 23 48 15 37 40 41 44 45 46
180 3 8 9 13 18 22 43 48 4 27 45 31 40 42 49
380 17 31 5 37 25 43 49
320 3 6 7 17 19 13 43 14 28 21 24 37
490 2 8 9 19 32 6 11 44 13 37 45
320 15 23 19 10 41 42 43 50
250 5 11 12 18 21 22 25 17 36 10 7 16 8 19 31 41
480 8 15 12 41
230 2
310 3 17 24 39 38 45 23 13 28 1 35 46
110 6 16 26 33 14 34 48
280 14 32 35 45
210 8 12 14 4 41 21 18 32
230 2 6 18 31 16 33 49 4 38
340 15 16 28 43 14 44 42 48
460 11 13 21 24 4 15 25 16 47 1 26 14 22
180 31 10 35 44 50
170 4 31 8 46
200 13 8 3 22 14 23 19 43
290 8 17 29 34 48 20 27 22 45 1 13 28 43
40 2 3 12 27 23 36 47 49
200 14 23 25 36 40 41 2 8 27 46 24 12
450 1 13 26 36 38 15 9 22 8 3 47
380 7 23 31 41 20 26 22 17 8 33 12
10 3 43 22 20 39 31 48
140 11 16 17 18 37 42 49 44 48
250 7 9 21 22 23 41 47 32 36 46 20 49 16
40 2 12 18 22 35 47 48 7 42 10 23 3 24 4
470 18 9 27 38
50
200 27 30 7 10 5 46
210 36 16 48 10 38 3 14 35 47
350 2 49 10 15 22 27 43
230 23 8 24 43 46 32 7 14 22 37
400 13 1 26 17 31 11 14
110 24 49 48 37 42 44
10 1 9 23 30 18 4 28 33 38 48
300 4 12 34 24 27 46
180 7 22 17 40 32 43 14 24 49
280 1 2 27 14 15 31 3 16 22 24 33 43 44
70 39 35 5 48 26 38 31
100 8 46 22 29 40
160 5 21 35 23 46 31 33 45
420 10 37 22 48 9 42 2 4 5
250 10 19 3 30 33 37
240 2 10 33 24
180 5 9 36 28 45 47 41 42 48 49
170 7 35 34 30 39 26 37 42
450 15 27 24 31 43 50
290 21 31 30 41
260 13 20 49 39 25
390 9 12 14 43 4 35 10 3 27 48
460 4 7 13 32 33 40 31 42 43
140 4 6 16 10 8 19 9 44 50
80 21 43 39
50 5 11 18 28
300 1 10 19 8 3 35 39 22 34 33
170 17 47 7 26 36 45
470 39 12 32 34 45 38
500 1 7 18 20 15 34
40 5 10 11 13 20 19 23 48
170 4 9 23 29 46 39 34 47
460 16 23 13 27 15 43 10 7
320 8 18 27 29 32 30 35 47
150 11 13 18 22 27 34 2 43
210 2 17 49 28 47
300 14 18 4 15 49 6 41
210 2 11 29 7 43 40 41 48
220 11 18 21 27 29 32 25 43 48
160 9 23 12 38 44 48
10 20 37 17 38
160 14 23 6 17 18 48
70 4 9 22 25 33 35 38 3 23 19 39 10 45 47
460 24 40 6 10 49 45 48 50
490 17 29 43 44 28 13
210 4 12 13 32 1 8 50
400 17 28 34 2 36 32 43 49
310 2 6 11 14 31 7 44 38 17 42 22 39 40
400 3 6 21 36 37 44 47 17 9
270 19 46 24 44
50
140 10 3 28 33 34
10 9 10 16 17 19 43
20 1 45 5 12 16 23 24 37
130 28 40 6 35 29 20 8 11 17 22 26 36
430 6 36 10 3 17 33 49
30 4 5 23 47 16 17 19 32 33 35 48
70 43 17 21 24 39 46
110 11 35 46 20 4 15 16 24 30 32 33 49
170 2 37 15 34 39 42 47
470 1 5 44 33 49 2 13 46 35 47 48
250 8 47 24 41 34 4 46 12 32 45 49
410 24 16 29 48 35 20 13 3 11 14
30 10 12 14 28 39 46 49
260 24 23 13 30 16 25 17 12 21 49 29 31 34 48
290 8 34 20 40 9 17 21 26 39 47
20 12 14 29 8 39 3 6 2 41 38 50
340 14 7 22 5 2 23 4 40 15 6 42
220 28 19 38 39
380 18 6 2 48 36 33 42 43
190 4 8 12 15 24 39 44 21 22 34 35 36
300 14 20 30 15 7 26 37
310 17 29 4 20 25 47
420 6 14 17 43 38 35 40 31 25 3 42
380 11 12 14 20 3 42 8 44 7 30 38 41 32 37 28 49
380 14 23 33 31 49 45 40 22 41 42
70 15 4 44 31 38 21 37 39
130 38 46 32 34 39 49
110 4 18 29 1 13 35 24 37 43
150 4 12 16 22 28 41 14 35 42
450 14 21 24 44 41 8 36 35 42 49
60 23 25 26 14 49 45 39
280 24 27 8 6 11 47 35
170 10 25 8 38 5 1 46 19 35 6 40
340 11 15 39 14 27 1 9 20 38 44
90 4 8 12 23 28 33 29 30 47 32 6 20 38 10 37
340 5 19 30 20 38 4 42 44
480 9 24 26 38 28 21 3 44 49 35 39 40 42
110 23 24 26 27 33 35 36 37 34 47 41 18 16 45 43 50
270 16 20 34 37 27 31 15 18 13 9 7 26 40
220 4 15 17 23 25 39 33 37 42
300 11 16 24 29 30 38 44 25 42
50 24 48 29 23 41 37 30 19 9 40 17 36 25
460 7 23 19 28 38 2
20 10 20 24 26 30 37 41 36 34
390 3 25 31 38 48 11 46 50
320 8 10 11 27 33 45 7 13
270 6 11 32 35 38 10 9 15 22 50
430 12 19 42 45 10 14 6
360 10 14 25 31 37 5 30 24 13 11 27 8
400 38 16 47 45
50
310 24 29 48 35 43 6 4 20 12 18 28
390 29 7 20 33 45 46
90 32 11 33 14 26 34 10 13 30 6 35 36
310 1 40 42 18 23 30 13 26 34
40 17 13 34 42 45 50
210 1 7 13 3 11 19 24
80 6 38 2 41 15 9 25 31 39
130 23 15 11 12 17 39
340 14 25 11 7 49 29 44 13 15 22 30 31 33
190 3 37 20 22 36 42
260 3 8 9 46 12 41 44 6 21 28 45
60 11 19 8 14 28 1 17 24 34 35
20 3 5 6 4 49 33 21 17 9 22 32 43
130 3 9 12 49 35 44 23
120 7 8 9 21 32 42 46
360 26 17 28 46 50
340 5 13 27 21 33 37 28 8 26 12 34 35 39 16 18 32
290 4 17 1 35 46
190 12 33 6 39 42 45 46
410 1 2 10 39 25 48 33 34 36
180 11 13 17 48 41 30 35 15 22 27 37 50
420 9 32 10 37 21 13 26
390 4 8 14 47 45 49
190 1 12 6 47 39 45
210 9 20 7 47 26 31 27 34
440 3 16 17 25 4 22 34 31 28 38 42 47
240 17 25 21 38 31 37 32 34 36 39 41 45
40 12 17 44 11 1 41 16 30 39 26 31 45 50
330 1 2 9 32 33 37
30 3 4 21 28 46 9 41 33 40
30 25 26 27 28 44 9 39 7 36 38 45
320 3 22 29 15 27 17 13 34 41
230 3 13 17 19 46 20 34 9 30 29 2 41 38 45
190 3 5 17 26 33 4 32 25 20 12 38 27
400 1 14 17 21 49 12 3 18
20 31 27 20 3 10 49
440 10 17 22 27 49 38 21 29
190 7 27 34 37 31 44 49 33 26
490 17 19 20 28 31 27 24 7 8 41 46
60 4 30 50
380 7 11 21 28 30 33 39 45 27 32
120 4 5 10 19 15 26
50 1 13 45 49
380 9 11 14 28 31 38 46
90 23 41 43 5 33 31 28 2 24 11 27 19
280 11 30 33 16 18 19 2 15 49 39 44
240 23 24 25 26 48
40 1 20 21 47
340 9 13 14 35 37 38 46 23 43 36
200 21 16 5 28 40
50
400 9 28 2 32 13 15 31
120 1 6 15 24 30
420 35 16 45 39 14 4 24 47
180 3 44 31 48 8 13 23 42 46
250 18 35 17 47
240 39 2 8 13 19 29 42 47
270 37 12 17 23 9 41 42 47 48
40 4 36 6 37 48 10 49 9 21 47 50
30 1 8 49 36 7 23 40 12 37 38 41 46
320 8 46 32 12 25 18 49 36 40
180 24 40
230 7 10 43 29 30 34 9 14 48 22 42 32 24 44 47 36 17 23 25 28
380 27 1 4 6 21 24 36 46 50
160 3 12 29 20 39 45
30 22 1 41 44 2 43 27 25 18 20 48
340 3 48 27 32 34
20 7 29 12 38 46 18 41 5
140 5 10 17 15 21 46
40 6 28 33 44 48
40 14 45 37 38 15 36 22 23
430 40 8 13 18 24 31 32 30
440 12 15 46 31 20 48
200 7 9 41 4 12 36 20 29 37
200 12 21 2 43 3 46 11 42 13 27 37
400 10 15 12 30 26 28
110 25 35 31 45 50
450 13 15 16 24 46 34 40 36 41
170 1 45 46 25 37 12 19 33
330 12 14 17 48 23 40 6 46
160 12 21 25 47 2 41 46
450 4 21 22 1 43 46 39 26
290 1 10 12 21 16 43 50
190 28 19 43 47
130 12 27 16 42 50
310 3 5 26 42
470 8 9 12 20 23 27 13 10
270 7 8 20 28 43 9 23 48 24 39
60 17 20 9 41
490 3 6 14 31 37 47 42
390 9 21 27 29 11 10
40 15 17 23 30 27 7 9 48 38 50
20 12 24 34 39 6 35 4 43 7 50
220 12 15 24 31 33 37 42 32 47 48
420 4 12 15 19 46
190 3 20 28 26 14 47
240 10 17 22 24 27 28 31 44 4 13 18 30 29 9
460 12 30 39 45 43 7 3 33 5 6 8 48
290 4 8 12 16 29 37 41 19 7 47 22 43 15
140 8 9 10
120 41 42 13 32 8 26 34
50
500 40 13 48 42 11 47 17 26
120 35 36 42 15 10 11 27 41
490 46 12 28 21 35 4 22 30
200 27 49 3 38 30 31
460 9 8 17 30 33 36 39 45 47
410 45 30 43 31 34 25 17 21
400 35 11 26 30 40 44
120 5 48 35 12 32 29 21 47 41 42 43
220 5 14 23 18 35 43 44
340 2 14 26 25 48 17 13 27 29
420 1 39 17 7 45 2
30 3 8 20 40 24 27 44 46
350 1 10 20 35 45 47
230 9 10 49 20 17 22 34 23 26 36 47
490 2 28 45 36 30 34 39 41
300 41 22 19 24 28 31 43
190 6 10 11 14 1 35 27 43 46 5 20 33 45 48 50
370 48 9 19 26 42
90 24 28 18 16 39 43
300 12 14 34 45 21 13 17 35 43 49
260 3 8 20 44 6 47 38 45
180 14 16 39 3 29 44
150 9 14 36 44 49
490 12 19 16 32 43 46 47 50
100 6 10 43 32 35 39 49
140 10 7 18 1 14 44 47 29 35 41 45
390 4 12 17 44 2 37 10 36
410 3 15 19 40 16 45 36
10 8 22 10 26 38 48 49
340 6 3 7 5 36 4 46 32 15 31 33 34 39 45 47
330 6 30 4 16 40 47 32 44 49
240 8 30 25 31 24 33 41 43 44
70 30 38 5 32 17 42 45
160 6 14 20 15 39 30 42 45
10 2 3 7 8 17 36 13 26 20 9 37 25 38
390 2 15 30 35 27 23 42 14 5 28 50
80 27 35 47 42
220 4 21 33 39 29 45 35 47 41
430 11 19 22 34 38 15 30 5 25 47 50
110 1 12 28 31 7 46
480 16 38 26 8 47 32 15 2 46 42 49
20 1 2 33 36 37 41 18 8 43 34 46
400 6 17 25 42 32 9 24 16 20 45 8 19
360 21 26 27 23 32 9 12 22 31 7
130 6 11 15 20 28 38 43 5 17 33 21 13 34 26 30 46
280 3 17 30 41 40 12 42 24 45
60 1 8 21 26 31 37 38 41 39 13 14 24 30 5
190 1 8 10 18 17 29
160 4 14 29 20 41 25 23 31
90 24 36 39 17
50
500 14 28 23 15 40
110 11 40 22 29 49 27 35 13 33
340 16 48 17 9 29 38 45
260 7 15 39 45 18 21 10 20 32 33
270 37 43 11 24 42 23 25 10 15 22 26 35 39 48
180 33 7 22 9 42 20 28 19 12 48 18 11 36 40 43
210 4 6 9 15 44 47
190 32 35 40 25 16 22 41 46 13 49 23 26 28 37 44 50
190 6 10 42 7 39 40 12 3 17 26 27 32 37 38
250 9 22 4 39 5 15 18 19 33
140 2 5 25 35 39 31 6 36 40 48
370 6 9 29 34 19 20
330 2 8 33 35 36 37
30 1 32 35 47 18 28 38
460 4 18 10 1 44 46 39 7 5 20 24
300 3 8 35
390 3 26 41 34 9 48
210 4 6 15 31 14 10 33 39
480 6 48 44 10 31 12 49 20
480 6 15 40 46 41 25 19 42 4 24 12 36
240 4 36 41 22 29 32 33 35
120 2 6 8 10 44 30 21 5 26
160 1 5 8 47
270 5 20 31 33 15 32 39 47
270 5 8 11 20 34 40 28 30 32 50
120 17 22 41 8 48 49 9 5 38 43 44
230 2 9 49 43 37
350 1 6 25 14 8 35 30 32 33 40 44 47
240 2 12 21 3 30 39
260 22 29 39 36 28 25
400 11 18 19 24 32 33 40 47
480 8 14 4 25 31 36 9 46 44 28 38 21 24 40 45 47 48
370 6 24 47 2 35 44 31 38 42 21 18 13 4 34 28 10
480 12 17 25 33 43
200 2 8 11 14 28 33 21 16 5 13 46
20 21 30 32 11 13 6 20 38 39
240 5 27 8 9 45 13 48 39
340 32 33 46 14 3 36 26 41 9 42
50 4 9 10 11 15 30 5 40 24 36 18 37 29 46 48 50
410 2 8 9 20 25 39 1 6 11 31 28 32 44
500 8 17 20 21 26 38 45 50
380 5 6 9 20 33 38 43
180 5 27 44 26 42 34 6
260 15 19 22 32 33 43 46 49 8 7 40 28 26
260 4 37 41 32 3
220 8 15 20 32 35 38 39 44
210 14 33 23 7 32 31 24 28 48
460 3 6 19 26 37 39 47 32 17 5 11
420 2 8 19 26 27 44
280 25 41 8 39
50
430 49 45 8 16 21 5 9 10 13 23 33 48
220 45 26 24 21 14 5 7 44 46
210 8 23 20 38 37 46 5 7 12 22 35 45
320 39 34 31 41 18 11 8 10 33 20 24 25 36 38 46
240 16 34 25 39 3 48 1 20 26 24 11 2 10 32 7 14 21 31
160 19 45 8 22 27 24 21 12
460 3 21 2 5 12 26 33
140 1 3 4 6 18 30 9 15 19 26 38 41 46
350 48 1 8 40 37 17 34 42 21
160 4 5 32 1 27 37 41 42
170 4 5 16 29 42 43 19 22 25 36 38 39
410 6 3 33 46 42 26 43 7 34 20 31 32 49
110 34 38 21 33 14 1 26 45
350 2 13 5 48 15 16 25
20 23 38 8 40 29 25 14 31 42 43 46
220 1 5 11 28 14 43 39 41 24 31 44 47
220 9 31 48 41 37 45 28 38 39 42
70 4 8 43 34 35 40 38 44 46
120 6 11 49 35 8 25 22 44 46
270 3 5 12 4 32 48
420 1 2 6 7 13 33 35 9 40 49 41 32 5 45
500 6 19 11 3 33 48
20 3 15 32 1 25 26 47
110 2 5 6 16 4 45
180 5 15 19 33 4 44 11 14 23 36 42
50 2 5 12 35 48 7 23 8 13 37 39 46
170 6 10 34 47
170 16 17 30 29 32 35 42
460 11 15 48 28 46 33 43 50
310 8 28 34 40 44
400 4 17 15 34 32 37 16 12 5 39 41
460 5 10 21 23 31 34 20 12 45 28 39 47
300 4 12 13 21 25 29 7 44 22 1 45 48
470 4 5 9 12 13 18 27 30 31 32 39
120 18 19 21 26 28 45 3 36 47
210 35 11 4 25
190 3 9 17 31 26 10 50
230 3 13 15 18 11 49 17 4 8 45
90 4 5 16 17 41 44 11 34 32 31 40 26 46
150 9 15 18 21 39 41 30 47 50
90 4 16 17 21 39 40 10 31 8 45
380 9 11 12 44 28 15 10 25 17 43 46
280 11 12 16 18 29 15 42 44 47
70 25 33 39 42 43 46 18 30 2 16 19 48
210 1 2 6 17 21 24 32 35 33 3 13 48 38 41 47
430 3 12 29 44 39 18 19 42 8 26 2 15 49 4
300 35 40 43 23 16 32 27 45
380 5 9 14 17 26 29 45 44 33 20 22 1
290 1 19 21 38 46 12
20 37 29 40
50
420 2 21 5 8 42 50
80 1 3 30 13 19 26 38 40 9 17 20 21 25 34
450 2 8 36 10 41 23 26 13 16 29 34 45 47 50
280 27 44 48 11 40 21 12 24 35 47
450 1 13 27 36 6 48 40 16 45 46 50
30 5 39 26 48 20 21 30 31 32 36
140 24 35 37
100 3 33 25 31 13 1 42 28 32 36
490 2 49 35 26 29 36 37 44
80 3 48 21 26 49
20 4 41 29 42 33 36 16 28 39 40 44
320 4 45 26 36 16 18 31
110 2 3 5 8 37 42 35 38 31 36 43
230 24 22
110 42 16 23 24 25 31 33
320 49 12 15 38 11 19 3 24 23 5 20 33 37
240 47 30 2 40 46 49 31
170 12 20 21 42
480 2 16 21 39 29
10 6 21 18 16 23 2 33 36 37 40
480 1 4 19 20 27 10 6 41 35 38 22 44 39 2 18 26
30 21 49 31 14 25 34 42
250 3 16 20 15 49
350 14 16 7 38 34 15 4 41 44
10 8 22 34 27 42 46 32 48 15 47 2 26 40 44
340 2 3 6 9 12 49 41 10 21 25 45 40 42 38 46
390 4 5 21 25 29 39 28 42 45
160 8 27 48 11 36 34 39 42
400 9 11 27 3 19 31 37 42
170 2 17 6 43 49
460 8 22 29 43 13 44 12 46 6 35 17 15
80 25 8 6 44 39 46 50
90 8 11 20 15 36 16 37 41 43
430 24 25 28 3 2 22 35
10 9 13 21 31 34 7 41 4 39
50 3 5 11 12 28 33 8 6 20 13 9 47 50
200 13 16 33 7 9 20 43 29 44 45
190 2 13 16 21 24 26 44
400 6 19 21 27 32 28 11 35 46 50
180 2 4 5 17 26 20 11 25 45
160 3 11 21 26 35 33 44 24
90 8 11 13 15 25 26 29 27 18 43 1 22 28
200 31 37 42 33 13 49 30
300 4 21 31 32 41 25 37 9 24 38 49 11
100 12 26 40 3 27 5 37 49
200 17 25 31 32 39 5 26
100 17 25 36 4 3
370 4 5 6 10 25 28
480 9 16 17 22 23 26 43 44 10 30 45
470 36 39 1 32 3 5
50
300 38 43 17 14 25 11 3 8
440 9 14 45 6 30 33 37 46
10 49 47 38 20 23 5 1 21 32
430 34 14 43 42 27 21 5 15 33 46 48 50
410 3 7 4 28 30 33 36 46
440 33 32 31 23 2 25 36 7 17 18 41 49
480 5 37 6 8 10 36
420 7 35 1 42 10 12 36 44
70 2 29 25 38 43 48
10 8 27 14 19 36 28 7 30 38 40
100 1 47 40 17 27 38
380 8 42 32 44 33 48
350 43 30 33 40
480 1 2 4 10 48 29 34 44 37 31
230 18 4 39 19 44 49
200 45 24 30 40 46 50
290 1 11 6 25
460 15 32 30 6
170 10 15 31 33 22 26 28 35 38
490 3 25 24 26 21 28 33
310 3 4 20 25 47 23 32 49
60 32 19 36 24 35 44
260 3 6 21 45 28 41
290 20 22 35 16 25 34 27 28 30
100 1 6 9 20 21 24 49 32 40 48 33 17 42 29
30 20 43 19 28 35 49
350 4 10 24 11 37 32 33 39
330 5 10 24 19 26 23 20 45
490 9 14 25 49
40 18 5 10 13 2 16 24 43 48
410 6 19 14
470 6 12 18 22 25 27 38 21 3 37 33 39
470 6 12 19 25 4 20 32 13 5 2 27
220 4 14 24 38
160 8 22 24 19 26
130 6 10 22 7 5 8 47 37
260 7 14 27 32 36 2 44 49
50 1 3 9 32 43 11 41 34 10 19 40
400 15 46 41 32 27 40 49
80 11 25 38 10 39 13 16 50
150 38 39 45 6 23
130 4 8 12 25
500 1 4 13 26 38 9 49 30
290 12 14 37 22 8 47 15
210 2 16 23 41 28 48
200 39 16 2 4 5
80 3 11 21 36 44
110 14 25 4 30 12 45 9
390 3 25 43 15 6 29 26 37 21 39
20 40 16 4
0