300
1000 247 222 161 40 290 15 76 124 61 99 154 194 215 218 224 233 234
2590 277 201 46 148 265 70 171 23 234 84 8 72 101 125 132 136 207 237 246 272
2700 274 241 233 14 27 83 89 127 137 154 225 257
400 158 6 23 102 129 135 141 166 251 254
1610 80 150 74 255 45 10 281 181 106 245 54 115 172 178 186 194 273
2450 141 129 4 299 209 262 143 104 118 72 204 237 20 78 140 149 150 238 267 298
410 146 232 182 109 86 101 289 180 29 81 99 108 167 170 259
590 258 76 53 2 165 137 51 214 38 95 196 248 252
940 200 215 166 33 295 171 123 117 150 12 18 67 82 83 129 160 276
1550 5 43 297 129 34 97 135 137 139 159 161 170 205 231 275
2770 227 166 230 148 113 133 180 33 40 55 107 125 159 174 292 299
1210 270 177 17 26 259 62 197 142 9 285 291 82 13 39 64 76 133 147 188
50 227 21 156 27 12 121 15 90 153 118 54 87 106 112 132 159 230 275 276 279
1910 242 197 290 3 102 136 225 252 261
790 1 13 68 81 224 28 253 84 223 235 227 36 250 104 192 69 90 121 133 148 155 211 214 251
980 101 259 78 40 68 168 256
1680 12 243 263 170 261 125 193 87 174 95 163 59 68 72 91 111 168 214 271 295
550 153 128 83 9 260 107 47 38 76 90 163 177 193 224 256
1320 293 122 148 171 198 132 44 38 48 54 55 62 83 138 146 184 207 215 221 225 243
2980 99 6 22 82 59 84 97 148 216 218 261 282 283
2210 13 41 193 22 83 116 167 246 252
2270 20 283 88 247 112 114 27 78 21 157 281 226 271 256 242 255 264 276 284
2370 2 32 201 99 277 210 110 90 215 105 173 108 159 65 4 259 79 295 141 51 41 190 216 224 263
2170 277 50 237 287 43 84 87 100 138 157 163 176 178
1110 78 197 40 177 199 85 50 35 149 119 166 298 183 110 53 71 163 179 259 275 278 281 288 300
2820 12 184 90 293 241 37 40 86 143 157 177 292
1560 13 22 118 121 271 3 278 120 54 119 230 151 198 284 131 132 245 246 268
2130 15 265 181 103 141 224 294 56 70 85 159 170 240
1280 253 289 225 74 275 7 81 77 297 67 119 122 147 167 175 230
850 176 104 202 134 130 258 198 163 116 36 42 67 125 144
310 40 208 56 122 123 149 167 173 179 242 283 289 295
1510 23 40 90 138 162 182 265 271
1780 9 265 240 281 216 98 288 68 102 124 36 11 120 42 65 84 145 206 259
760 172 122 209 140 223 267 178 10 251 252 49 62 74 179 200 242 274 276
1110 25 279 124 48 122 189 205 208 235 249 294
1220 15 33 299 48 30 265 131 163 223 202 172 75 109 116 206 231
2110 26 201 119 46 55 63 100 122 131 225 235 261
430 162 247 147 106 196 264 19 251 18 120 149 245 8 197 74 84 92 226 229 252
2300 147 76 281 12 201 112 74 97 129 90 157 218 286
1490 1 25 26 31 93 32 262 16 75 11 284 45 184 57 197 246 261
2140 21 267 75 183 248 112 223 133 23 227 176 83 116 140 157 167 198 291 298
1160 33 280 66 161 30 271 291 108 43 132 149 197 199 225 253 257 284 288
2800 10 24 244 72 91 48 42 295 58 127 249 100 134 163 167 261 265 266 274
1060 19 115 73 238 46 72 106 148 226 240 261
2870 5 40 174 195 252 65 259 184 243 191 143 267 57 108 134 163 172 208 268 286 299
2880 2 163 44 132 37 202 114 278 215 188 274 146 148 179 182 260 261 264
710 18 120 131 132 147 224 262
2940 36 43 60 213 168 250 217 210 19 173 35 105 260 66 295 291 138 50 65 93 96 190 194 270
2450 34 88 227 259 205 164 239 241 148 85 218 63 167 181 281 297
1580 24 25 59 191 48 51 132 243 100 231 221 103 210 54 174 176 197 242 246 257
1530 8 23 50 99 254 149 288 166 267 157 191 114 121 178
590 279 183 188 181 92 106 142 160 191 224 227 263
2870 8 264 257 272 152 286 68 25 238 72 80 193 254 284
2240 27 13 74 283 212 50 184 187 153 5 224 275 226 280 19 282 86 229 232 239 243 271
2860 210 57 191 11 286 19 121 122 127 133 37 169 59 70 270
2490 28 171 31 268 66 148 175 95 81 145 246
2250 40 55 79 90 81 219 45 130 137 169 176 271 290
2530 43 157 75 124 138 84 87 102 155 254
2090 50 55 296 183 20 17 202 149 197 83 127 157 193 196
1000 48 176 273 81 90 107 130 147 155 172 188 228
2030 1 146 122 150 166 251
2020 12 218 208 19 86 66 34 92 277 241 140 144 156 157 167 170 199 215 245 284 296
980 37 49 131 65 81 107 112 126 129 135 137 157 159 160 236
320 186 225 12 135 71 283 279 68 192
2930 23 45 33 278 265 104 63 87 48 67 102 103 136 197
2730 42 48 56 62 208 192 260 264 294 84 85 121 154 159 199 231 247
1050 96 235 267 278 245 30 156 9 65 295 261 29 299 155 118 168 180 182 233 257 275
2080 15 33 53 242 224 208 189 119 17 139 257 191 264 159 212 64 16 176 246 268
2840 249 252 15 293 106 167 229 261 235 99 116 138 197 248 272
1790 2 163 231 157 55 151 28 264 118 75 84 108 113 121 160 177 185 206 217 243 253 254
1080 64 249 259 25 172 283 110 187 235 96 219 286
380 6 43 53 197 158 181 170 237 161 284 2 17 44 101 104 178 195
130 44 85 93 127 171 187 216 238 242 243 272 289
830 5 29 38 39 54 79 246 156 34 100 128 83 135 150 157 179 279 300
1190 40 41 58 70 135 295 36 235 245 182 259 102 134 218 277 298
750 1 8 39 12 293 138 86 107 240 232 18 90 96 100 125 135 168 207 223 294
2840 29 126 267 148 273 82 86 163 193 230 234 238 275 281
430 16 22 25 6 190 166 87 222 233 263 210 249 206 229 94 106 234
2790 23 57 74 254 152 97 217 227 149 211 278 80 83 93 138 154 180 200 250 274 292
1530 5 79 281 267 109 254 87 292 53 102 112 132 153 155 157 176 196 256 287
1920 15 29 57 145 60 56 156 279 257 287 235 7 63 171 104 116 258
290 12 20 77 121 127 154 167 9 98 131 164 253 299
1860 18 201 199 207 148 19 111 123 74 3 127 214 254 21 59 223 9 176 247 41 264 112 128 79 105 131 220 252 300
2240 2 15 66 70 161 136 171 24 174 58 252 20 33 229 38 179 150 158 203 259 260 265 271
2040 25 49 66 167 139 101 198 231 28 165 296 136 248 73 96 99 123 161 174 182 238 268
1390 7 26 62 76 227 54 206 181 77 87 175 164 265 93 141 271 279
2880 17 65 78 80 86 24 13 282 58 234 161 177 188 205 233 259 261
2480 22 49 106 119 128 129 150 191 260 282
1850 3 149 297 255 128 146 147 209 214 235
290 13 23 26 57 60 76 39 203 256 32 268 142 109 245 206 18 15 234 207 181 189
2560 43 222 17 147 130 93 179 253 268
1500 52 62 232 239 144 38 107 140 166 193 221 261
2760 40 86 127 174 91 79 48 73 112 148 157 286
50 78 96 223 233 276 286 287
20 17 56 175 124 238 177 8 295 245
2320 67 85 94 264 136 262 215 76 254 71 48 185 138 153 158 178 199 203 257
1460 39 79 20 10 106 135 141 161 260
920 33 82 206 125 172 129 140 270 298
450 20 23 51 175 69 290 280 1 150 269 209 208 220 216 7 184 85 136 143 145 161 194 278 300
650 50 74 24 37 43 280 169 197 138 76 218 283 113 257 201 298 139 114 172 190 229
750 7 16 85 209 165 261 268 2 72 121 138 176 198 207 208 245 297 298
2820 33 65 297 267 243 131 4 14 75 232 182 58 245 141 80 163 180 191 214
2970 28 50 228 166 216 65 174 282 222 224 196 197 171 270 292
2990 6 15 30 65 81 252 272 222 261 249 209 176 72 189 147 152 168 193 237 271 288 292
860 23 48 164 83 144 141 198 224 251 272
960 5 38 69 97 44 178 13 88 170 227 112 163 78 147 52 118 160 186
2560 18 76 63 60 11 253 269 290 92 121 129 130 182 251
640 23 42 155 172 45 7 70 222 137 177 256 261 279 289 297
700 7 80 90 287 283 180 144 232 36 266 239 138 202 246
2760 23 25 71 195 154 141 284 163 209
390 83 147 112 17 159 163 186 225 273 275
130 22 39 41 83 106 111 231 241 93 63 155 13 80 148 173 242 256 272
2440 11 100 207 200 279 70 236 169 267
3000 22 46 100 223 241 51 115 216 226 265
1930 44 114 233 185 234 166 176 203 5 197 225 243 259
1440 30 164 294 204 240 81 167 69 36 41 21 178 277 131 149 161 209 224 233
2360 9 214 285 273 138 182 216 157 170 185 251 286
1720 6 13 27 70 148 67 106 138 127 147 174 220 262
690 25 27 37 68 29 142 88 209
80 27 33 38 47 196 257 149 150 192 128 275
1650 13 27 55 82 251 202 278 232 261 15 183 276 167 179 107 101 70 51 275 66 177 225 248 252
2780 19 34 55 278 61 31 250 146 29 158 179 257 37 187 35 133 137 138 147 253
30 9 83 196 236 31 166 128 85 292 146 170
1350 1 33 35 58 95 243 235 226 239 241 186 189 190 194 199 270 281
1000 17 98 248 76 232 199 11 221 2 30 128 168 180 181 230
2390 77 291 211 63 272 275
2890 43 55 82 83 93 194 59 3 200 172 138 213 73 118 151 183 247 272
2910 18 74 83 123 245 141 120 88 125 89 264 188 214 215 242
2690 6 10 39 63 268 9 107 98 4 187 188 236 88 257 196 166 273 151 160 185 143 214 132 178 180 234 267
2970 30 91 196 217 60 143 180 202 218 134 57 240 107 186 197 205
2190 36 47 63 102 82 116 37 83 27 132 136 139 181 208 251 261 271 272 275
1340 19 46 50 2 27 185 80 129 131 13 47 214 278 251 258 184 179 42 188 177 202 204 265
900 11 41 55 12 279 122 15 150 181 189 193 197 214 261 298
1680 30 130 75 43 45 153 185 173 176 204 265 281 296
2280 64 75 4 178 74 10 190 76 237 63 97 139 147 151 176 177 188 194 262 267 281
2920 84 85 96 99 153 65 206 14 131 2 267 190 300
1420 8 108 266 194 10 122 57 63 3 173 196 259 275
2700 48 58 76 100 109 117 118 127 32 264 24 96 249 296 218 69 122 221 101 198 289 152 298 79 19 251 252 256 272 284
660 68 85 100 135 131 252 10 286 289
440 34 150 6 295 201 98 232 155 221 183 41 92 191 264 171 192 62 255 147 181 190
2950 6 23 28 102 110 128 86 179 177 4 154 105 195 274 97 159 224 242 297
280 12 90 119 52 159 167 195 219 239 300
1290 6 45 129 130 188 99 222 26 171 177 228 268
1710 92 105 109 270 217 248 30 62 159 200 260 267 296 297
1760 81 99 56 33 164 220 261 283 284 285
1630 7 61 122 260 19 290 123 274 89 224 46 155 230
2820 38 39 91 106 111 237 47 210 140 89 118 29 199 60 135 156 12 200 104 162 122 159 191 193 246 262 268 281
1680 2 11 19 49 56 77 83 118 112 200 46 230 241 93 175 15 201 205 44 159 276 286 20 190 191 272 279
2850 25 38 51 59 79 89 120 6 42 209 116 163 31 211 241
1540 5 9 99 120 140 74 133 84 88 201 6 61 159 292
2050 27 70 129 273 127 135 170 201 233 237 261
90 53 79 138 104 195 280 275 200 208 261 271 278
480 13 18 54 134 136 80 96 259 163 205 235 247
1400 82 110 141 66 79 177 207 1 3 234 237 286
570 67 108 112 140 268 58 15 214 80 204 60 146 221 163 188 209 261 279 296 299
960 13 67 74 81 147 230 172 160 257 62 234 260 272
1220 22 51 58 70 235 24 63 198 26 62 39 192 74 186 251 227 59 117 41 80 93
720 4 72 122 216 96 84 248 276 169 291 269 266
320 23 68 148 111 164 142 141 66 150 230 10 147 206 244 13 144 266 11 240 28 63 197 199 270 272
1240 129 156 63 70 293 294 239 280 52 9 106 174 209 219
2140 1 42 72 84 85 245 99 116 229 97 209 215 10 274 272 87 167 212 242 250
2670 38 147 233 240 32 167 197 268
2840 17 30 36 46 70 106 149 182 155 102 110 77 25 287 226 111 153 45 210 24 18 211 43 251 200 272 274
970 49 86 105 116 159 145 227 213 82 288 174 200 219 228 250 279
680 8 85 101 256 168 271 179 270 281 292
2430 9 11 25 51 78 103 115 123 129 4 174 210 61 291 245 92 196 228 236 260 263 267
970 69 82 85 116 121 217 162 7 233 173 142 198 41 49 21 43 62 273 31 161 29 172 223 272
1840 48 165 16 211 213 76 237 67 295 125 17 188 104 183 209 221 238
620 55 100 158 57 113 191 196 214 220 226 242 300
90 17 72 106 151 248 281 242 117 218 276 123 293 252 286 7 10 28 211 62 214
1790 2 9 19 56 81 84 140 143 103 263 246 268 73 172 214
50 34 36 71 98 108 127 156 171 45 237 233 60 100 251 225 5 167 260 263
1840 23 48 167 289 134 31 202 137 112 196 291 189 217 272 290
2850 17 45 84 93 103 166 118 186 160 266 257 164 85 269 11 50 218 223 234
1050 56 86 95 99 148 29 293 197
2250 30 41 60 83 104 115 80 24 135 134 242 57 284 222 101 50 68 217 234 274
2320 12 25 95 121 141 154 238 205 108 291 132 143 26 70 253 18 216 209 246 259 212 87 135 244 275 292 189
2040 34 106 116 135 210 299 252 96 285 51 260 5 129 256 24 72 216 248 267 270
2190 84 121 122 132 141 74 34 165 25 31 46 280 91 225 238 239 267 282 284
2440 7 11 109 130 240 200 296 262 129 102 79 229 238 289 182 125 67 236 202 212 239 271
1560 5 28 52 72 86 49 90 140 293 125 133 131 214 247 188 236 261 268
2900 7 75 102 117 163 180 107 254 267 67 32 46 231 85 208 199 200 225 242 292
1180 25 41 52 59 121 140 168 273 203 221 268 127 189 272
1800 26 40 45 54 99 132 19 198 215
2210 96 115 129 132 134 70 210 117 258 271
820 64 157 174 212 106 5 200 277 111 130 124 207 223
980 54 71 122 129 73 269 262 279
1580 46 52 129 132 143 168 254 231 288 155 87 192 135 12 260 181 128 60 265
1100 68 104 133 90 124 35 177 183 244 173 235 245 293 298
2550 78 135 124 293 136 265 48 23 100 277 241 148 140 296
1890 45 50 51 55 68 140 244 102 199 201 52 169 148 147 88 276 287 294
2920 15 66 120 140 157 188 266 233 64 193 272 278
1190 17 21 53 77 192 59 292 104 258 147 92 133 241 18 226 246 268 297
2690 127 137 299 1 124 135 99 5 48 199 267 273 292
100 45 110 141 152 72 296 142 260 213 214 222 255
2130 38 103 120 123 129 130 173 59 80 166 8 169 137 219
1870 12 14 25 38 59 72 100 103 115 69 40 233 133 130 175 42 65 50 159 162 199 225 289 300
1900 19 27 30 85 138 157 167 101 105 199 281 41 184 204 271 219
1940 25 83 125 147 191 198 290 274 96 197 124 42 159 194 62 66 182 265 276
500 9 113 127 147 148 180 186 229 34 163 269 164 152 79 144 264 182 240
1340 2 23 37 39 83 100 140 148 150 191 151 214
2960 30 36 46 59 121 130 173 180 109 132 240
930 90 115 183 267 84 256 96 214 236
1050 6 116 155 198 132 209 134 249
990 49 148 177 35 153 10 87 130 238 248 259
2740 78 86 90 98 136 159 283 33 36 70 211 223 272
1870 83 90 113 154 186 2 101 242 76 259 287 236 19 250 233 258 279 282 290
2910 31 62 66 68 99 182 213 131 101 226 152 45 35 236 259 268
300 6 34 99 101 104 149 161 177 204 89 240 168 119 110 283 155 116 160 287
2070 23 48 50 55 78 147 163 166 178 185 214 235
2090 79 126 149 163 168 170 206 223 15 265 291
950 54 68 177 186 180 234 161 256 262 298
1910 48 127 164 168 208 195 221 225 279 296
1780 8 83 117 129 132 155 181 170 15 203 169 171 286 275 133 128 102 89 201 210 195 215 289 17 235 243 246 256 268
1440 9 23 46 96 161 214 62 1 128 184 19 229 279
2350 33 99 103 117 158 177 258 73 296 178 20 23 228 114 262 283 295
540 48 79 130 144 167 235 173 176 226 286 70 238 259 272
200 49 62 100 130 138 170 287 283 75 20 1 39 244 174 296
1380 57 198 295 71 164 281 226 196 280 160 142 261 265 274
1260 99 118 288 83 169 145 253 280 300
2590 50 125 138 140 155 183 168 278 19 92 238 269 274 213 235 240 292 298
620 1 78 91 103 104 108 143 176 223 234 276 195 241 270
1410 15 34 36 41 83 114 211 222 186 174 167 94 206 76 228
2610 15 28 54 68 103 146 47 105 18 1 52 116 287 23 257 141 295 238 252 292
2490 29 64 172 263 197 242 115 179 37 19 3 182 14 42 227 272 111 294 213 121
2030 22 54 124 163 208 217 219 193 114 239 38 258 286 273 292 169 44 233 254 259
1000 11 13 15 41 49 79 86 106 157 164 225 52 262 265 286
310 103 216 223 166 143 164 60 242 249 252 259
2330 69 78 84 161 180 200 215 38 100 54 260 276
1190 11 27 148 156 159 77 125 13 146 29 260
90 50 70 85 112 182 188 66 256 10 36 286
2440 7 76 92 102 109 121 125 140 259 283 54 287 264 250
1670 3 78 115 162 167 172 192 197 226 1 246 116 242 151 207 94 87 67 270 275 299
610 2 87 90 115 212 222 154 156 129 176 253 174 77 1 278 292 78 254
610 15 67 69 71 75 81 124 157 217 189 89 35 210 214 37 221 253 153 299 300
150 113 123 129 180 207 284 208 181 63 166 203 268 275
2910 6 24 72 135 147 168 172 104 151 154 2 246 253 287
1400 44 53 95 177 180 221 77 168 205 73 224 217 179 272 85 250 6 278
2440 49 92 109 124 160 226 179 180 54 142 251 267
1930 33 76 116 130 159 162 180 209 28 221 202 200 44 251
2360 3 26 49 62 112 114 124 148 190 193 149 222 272 268 299
440 14 68 170 176 207 225 233 243 31 73 161 169 128 22 50 182 112 253 228 141 34 287 290 292
2540 17 45 50 102 124 242 54 115 214 19 73 260 70 299
690 43 159 177 189 191 218 281
1830 5 38 67 75 90 95 102 128 161 166 62 101 27 189
3000 74 171 177 233 237 109 193 50 21 56 214 2 40 147 27 68 261
710 1 22 38 83 181 153 66 127 260
790 41 85 125 144 158 170 205 288 69 178 8 121 264
390 43 69 71 78 104 138 228 35 290 204 270
2300 15 48 122 207 238 79 164 270 232 161 297
390 34 38 121 132 138 157 163 172 239 117 105 289 240 4 15 131 61 107 299
560 34 45 69 84 104 139 170 178 83 38 228 14 8 121 273 138 224 21 262 275
2780 15 29 107 177 234 235 237 242 122 280 70 220 82 255 91 42 257 270
2970 51 79 80 83 96 182 188 234 4 53 70 226 58 268
30 5 89 140 253 195 278 272 256 22 268 271
300 22 90 165 178 203 231 255 108 279 214 212 138 285 80 112 260 16 18 276
110 53 68 81 100 120 122 129 156 174 224 3 67 96 42 253 50 263 274
2260 8 30 132 193 216 226 185 81 207 285
900 12 16 23 45 49 71 75 153 177 207 232 115 217 25 7 84 33 208 137 228 205 87 226
1790 18 48 66 146 178 188 195 243 256 247 46 84 88 230 156 172 144 97 166 229 291
540 17 67 69 101 104 121 37 152 145 14 87 151 155 291 44 40 246 46 219 131 276 92 133 20 181 43 108 268
30 6 40 96 180 187 147 212 227 118 216 47 252 135 265 283
1120 17 78 171 225 166 257 52 172 23 270 272 296 297
440 38 53 66 68 70 83 96 128 138 140 200 232 22 46 248
1710 2 28 33 36 65 86 190 199 211 84 262 134 32 132 114 219 43 227 188
1170 109 137 158 159 174 192 43
600 34 41 45 51 67 77 80 102 136 182 203 194 6 239 144 178 179 113 166 135 129
1130 56 90 101 129 155 171 183 68 261 255 147 143 27 291 85 45 91 214 162 241 181 208 193 236 254 294
130 99 107 158 174 187 200 221 300
970 12 144 233 250 253 124 249 286 48 263 98 178 55 165 222 159 103 292
340 22 27 42 165 198 152 131 185 255 57 54 86 104 17 180 84 32 300
2310 53 104 161 225 238 241 255 148 183 156 138 131 159 2 298 127 69 263 73 105 173 217 206 192 126 163 112 167
1220 60 77 117 129 151 167 183 226 252 194 111 5 274 275
310 3 46 141 146 161 199 221 273 79 257 176 219 163 277 43 34
1880 29 54 121 152 177 214 233 236 67 293 131 294 252 273 13 111 25 126 120 137 77 10
2660 121 148 158 170 222 261 294 229 256 191 22 199 94 9 13 34
1670 2 23 24 62 116 186 190 274 75
2930 27 46 65 67 79 121 122 132 221 234 238 255 25 99 152 192 283
1650 35 52 64 81 113 133 256 187 207 215 155 213 74 86 108 164 280 148 13 289
2970 42 54 99 100 152 160 179 219 253 279 220 300
1170 5 22 33 39 80 170 198 219 134 244 49 135 147 124 77 165 25
2180 54 87 103 179 20 88 207 287
260 22 54 64 71 100 109 206 209 218 232 278 145 31 216 20 262
3000 27 40 72 110 176 236 62 145 53 138 22 42 179
390 12 117 178 256 145 258
870 53 55 148 170 214 217 226 270 39 117 298 227 139 93 45 71 94 154 231
100 24 81 109 163 207 218 224 232 237 282 209 80 94 191 242
380 33 51 164 188 220 248 42 25 104 292 299
480 7 29 138 173 180 214 251 197 279 108 139 31 73
2470 1 14 99 107 146 199 249 242 57 207 173 299
2120 12 42 48 126 158 166 173 177 260 261 268 41 211
310 80 123 177 193 226 234 242 221 11 194 165 150 224 103 270 79 26 104 288 182 296
860 19 26 69 76 160 170 175 181 190 275 189
790 28 66 116 160 225 275 276 76 268 35 191
2080 9 23 43 48 67 75 95 140 168 219 224 17 216 31
2830 59 85 138 180 190 195 216 213 62 292 155 144 134 263 218
2160 10 29 89 102 141 250 193 49 144 263 108 101
2770 25 100 138 272 286 133 221 75 189 101 6 212 41 98
270 6 36 67 178 194 45 243 288 155 82 241 235 233 251 290 11
780 169 271 220 280 197 74 269 235 99 25 142 83 136
300
1400 48 169 73 171 273 9 23 58 65 94 104 123 128 142 217 238 266
2700 214 240 223 15 232 286 19 255 273 104 291 268 6 22 27 59 63 90 157 177 205 231
1110 197 253 166 200 281 263 230 279 172 45 75 101 133 213 233 247 276 278
280 73 14 64 58 235 195 118 52 153 163 164 183 203 208 229 249 256 290
1120 166 121 154 139 10 279 196 65 207 38 201 273 183 74 108 153 175 212 217 259
290 2 192 123 250 91 147 39 54 72 167 256 275 290
2370 198 175 125 269 190 282 153 159 14 58 196 229 297
800 107 22 19 57 280 47 104 211 207 20 49 50 59 94 100 116 120 129 249 258 271
1830 116 217 95 1 178 179 207 256 134 60 149 106 90 44 42 101 150 154 157 167 206 238 277
340 5 112 68 226 26 58 166 199 256 295
510 235 273 158 224 284 175 18 90 128 247 271 275
2810 90 170 17 138 70 51 26 91 105 122 182 251 272
2260 43 135 217 23 39 62 81 96 166 169 187 221 226 289
2020 4 178 153 255 28 7 298 203 209 283 288 243 208 232 16 271 56 98 129 138 179 206 233
2930 2 200 272 96 151 171 265 271 140 202 250 59 222 179 109 74 75 79 228 248 279
520 14 250 122 147 110 243 285 26 58 64 192 236
2680 12 219 142 297 132 194 97 26 59 136 146 176 212 217 277
870 11 194 20 30 74 152 156 213 253 287
980 2 8 237 22 157 187 127 287 73 202 216 296
1090 48 213 282 240 115 8 199 222 209 27 108 179 141 28 18 285 120 250 30 101 102 154 234 288
670 150 152 38 41 128 129 137 201 283
1320 8 19 234 2 34 113 176 206 238
680 98 259 236 170 220 205 71 40 191 1 13 63 134 116 150 176 189 246
1910 49 90 82 233 35 62 78 115 129 145 183 195 222 238 260
2330 182 276 267 49 124 175 244 200 161 73 282 235 163 275 37 194 210 279
2380 104 17 223 285 222 10 203 208 274 12 177 242 227 16 247 36 38 78 105 181
1140 20 232 95 2 75 220 36 71 168 182 194 238 249
2790 14 20 61 108 114 192 269 284 35 43 54 58 68 81 93 138 153 176 197 212 217
1400 169 105 262 121 35 42 81 151 172 265
170 252 295 222 18 39 20 277 118 66 194 179 142 33 159 259 34 38 40 75 100 106 124 130 206 212 240 245 281
2900 93 296 55 173 158 148 119 235 186 220 38 144 59 117 199 211 219 238
400 107 143 37 239 33 131 268 66 154 264 282 279 269 45 98 111 233 271 291
70 30 32 45 271 156 210 50 64 79 133 164 207 221 247 273
2680 30 297 95 22 40 43 35 49 204 285 73 94 187 214 228 241
2190 28 34 202 291 93 134 24 269 29 46 294 62 90 138 221 230 233
2790 172 247 26 228 183 47 66 268 221 79 155 75 148 27 88 58 98 119 139 179 191 283 288 289
2080 32 228 187 161 25 73 214 287 191 123 111 90 77 149 151 183
2970 5 31 79 30 144 26 21 99 141 198 201 151 269 98 43 69 73 89 107 115 208 217 231 253 279
490 30 6 230 13 121 239 62 123 66 161 228 168 261 166 106 113 116 180 181 257 269 290
900 23 34 50 286 244 164 238 65 162 30 167 96 100 155 166 198 228 287
2920 74 252 160 206 147 210 21 134 170 295 123 242 98 103 57 69 88 131 172 199 224 251 273
2110 9 205 167 29 291 58 93 101 155 200 300
2100 13 34 259 215 38 112 28 72 159 170 93 58 191 63 122 148
1020 9 133 231 49 74 105 113 130 140 159
10 33 3 160 168 208 32 172 76 105 122 166 260 264
2930 35 105 97 82 134 153 176 266
440 8 36 256 269 282 275 214 109 86 255 68 232 159 160 186 194 238
30 1 20 58 79 80 133 181 197
2300 24 25 34 44 8 54 107 83 158 213 239 263 289
400 40 8 73 265 83 56 245 33 71 107 175 212 236 243 296
2800 12 71 82 132 137 160 187 196 233 258
1900 244 144 4 165 83 142 91 160 154 106 113 137 172 197 208 232 234 263
1600 212 292 199 114 61 96 206 209 211 234 235 256 263 270
2850 49 140 264 296 230 134 298 77 76 157 219 97 160 204 6 180 28 174 242 187 209 282 290
290 31 76 125 78 233 258 294 81 133 167 187 211 228
1680 50 69 184 281 129 179 239 264 198 156 89 227 14 278 247 150 162 172 230 249 252
2220 8 74 248 41 102 117 124 225 60 83 94 97 139 166 167 182 193 206 216 223 231 238 240
2650 4 43 258 136 10 211 120 16 266 1 113 260 36 7 48 28 42 86 208 298 61 97 108 200 239 273
900 15 199 125 236 248 31 2 213 281 88 66 148 137 8 195 17 153 71 123 177 253
220 9 57 63 86 117 164 176 197 232 233 238
2090 28 53 58 291 197 132 136 137 153 216 233 239 242 284
2140 39 228 159 210 13 80 35 169 24 211 151 72 79 85 131 139 142 167 174 270 278
1670 23 43 109 60 161 2 259 240 170 263 73 81 100 101 174 186 233 239 242 282
2520 4 33 281 16 66 84 224 161
1240 5 40 290 94 73 1 97 107 124 144 158 188 199 209 222 243 245 258 261
2660 30 32 36 39 59 64 279 70 132 91 192 83 87 106 110 158 184 206 226 227 261
2730 240 209 135 83 79 104 118 125 189 191 222
1420 10 47 224 130 138 28 242 69 72 141 156 160 170 174 184 226 271 290
280 56 176 246 85 70 298 68 41 38 284 218 250 240 96 129 153 164 174 208 253
2370 12 66 69 133 98 117 120 157 206 213 292
1790 23 50 82 117 51 139 280 283 158 236 120 27 59 162 199 208 210 228 258 268
1320 43 167 6 152 68 136 207 265 62 82 133 110 122 228
2310 1 4 25 34 37 50 65 63 214 147 117 19 199 38 93 172 187 233 274
2290 41 57 18 5 199 44 263 232 77 15 164 98 106 163 223 239
2780 27 36 194 262 105 30 270 84 88 117 265 15 127 185 3 93 126 145 214 230 239 269
1500 54 55 93 261 124 45 91 192 255 84 296 290 115 185 228 253 281 287 293
2710 37 54 74 252 95 123 164 174 216 226 251 287 295
560 55 24 88 116 112 26 201 79 104 117 141 187 200 225 240 258 297
1560 36 38 62 235 216 159 48 227 256 213 124 78 15 33 67 85 90 101 120 154 169 186 188 206 221 230 238 246 260 296 300
70 62 270 234 257 167 138 238 48 231 151 124 130 187 213 224 260 274
2310 13 63 185 130 29 55 292 169 171 183 28 83 85 123 172 203 228 248 256 268 273 274 276
370 24 71 72 157 46 105 139 109 51 129 145 149 154 168 227 245 269 300
540 49 50 52 67 291 86 93 57 225 66 81 90 142 144 160 193 270
30 64 75 76 230 277 283 203 272 274 125 179 126 141 224 281
2450 69 283 62 87 79 81 272 155 233 190 214 146 170 184 217 224 235
120 47 58 83 60 195 108 220 144 201 167 282 90 104 170 172 181 197 235 237 263
720 85 66 102 174 216 234 243 213 90 115 138 142 191 224 232 236 294
1530 36 59 75 78 143 245 104 249 41 129 134 144 92 281 93 120 128 154 187 209
870 56 222 158 127 179 38 132 128 95 148 150 160 187 191 207
2640 9 12 24 37 86 200 206 139 83 108 94 35 11 247 121 87 79 96 2 184 225 245
2690 6 52 66 76 146 244 12 299 116 172 188 106 129 142 150 153 213 246 255 267 298
10 88 173 136 287 250 259 130 131 241 191 179 289 181 111 171 197 202 236 237 260
2520 31 35 43 76 83 291 28 73 75 88 211 247 168 144 42 171 135 200 208 238 263 281
1160 65 90 57 103 109 118 8 156 251 1 34 275 262 106 108 115 247 261
2070 9 27 34 164 174 89 153 77 288 216 239
2460 15 40 90 53 13 255 69 118 171 238 295
2800 17 46 54 229 264 58 274 57 256 151 210 112 211 291 187 65 100 133 166 230 232 278 297
2480 23 38 41 135 121 70 36 173 14 74 227 32 276 244 104 146 183 256 275
2890 38 281 109 238 112 218 241 230 196 137 114 180 221 292
490 122 97 40 63 173 213 257 8 227 30 233 162 182 194 225 238
1560 20 3 265 9 79 42 177 294 63 280 141 163 248 256 273 286 293 298
1470 57 87 147 166 272 141 20 265 156 177 232 249 256 271 295
2740 41 94 207 138 153 192 217
700 2 8 26 88 126 1 219 120 78 238 119 98 133 267 202 232 86 292 67 132 153 172 199 230 251 258 273 281
1150 29 46 75 82 26 44 210 138 218 12 45 174 296 112 139 157 167 201 206 249 279
480 9 277 260 74 52 39 251 91 273 219 94 30 241 66 151 110 113 134 150 153 217 256 266
1650 8 32 49 122 157 268 50 239 226 108 65 120 200 38 181 197 292 134 179 123 205 115 132 155 165 182 212 229 271 290
390 20 28 86 90 107 5 58 94 183 214 232 248
1320 15 47 63 82 94 99 132 268 228 230 247 251 294
1490 16 72 115 114 66 170 148 283 259 171 106 133 175 189 208 213 293
2120 37 178 241 139 92 132 165 32 195 120 150 174 181 194 234 235 261
1960 10 43 78 97 99 174 180 105 177 245 114 133 173 193 202 222
800 58 22 116 39 252 198 106 44 52 231 123 129 154 160 185 287
2230 28 53 110 218 112 99 268 115 185 215 226 231 242 261 291
180 20 110 222 247 122 107 38 128 242 24 268 203 87 94 76 227 114 120 198 212 213 271 281
2620 9 78 91 113 164 23 206 39 257 8 291 135 245 129 183
2930 57 71 73 75 31 60 78 144 70 156 192 205 281 148 199 213 252 255 291
1050 4 30 94 119 209 96 224 125 67 134 136 138 194 208 237 261 262
2830 31 104 118 36 178 262 140 142 181 273
910 20 58 71 104 107 182 111 145 88 274 115 189 162 70 8 257 79 177 261
2100 5 29 39 90 98 268 186 239 245 215 132 133 142 160 253 270
740 16 100 107 115 216 45 139 43 183 12 138 247 72 240 156 246 273 288
2010 6 37 39 41 107 59 77 172 141 130 81 249 248 194 129 113 1 145 131 126 204 283
2700 25 57 76 79 224 65 30 195 262 233 250 254 80 221 291 223 160 157
2280 7 55 59 84 118 67 230 218 293 197 283 162 163 164 166 253 298
630 104 196 75 134 84 227 298 252 237 123 160 246 132 155 188 232
2850 19 75 89 186 129 156 242 265 290
1880 89 115 177 21 184 175 11 153 295 1 275 88 155 197 223 245 251 255 262 277 287 290 291
2930 56 88 123 82 8 298 116 24 175 171 21 127 279 69 91 113 223 14 212
1370 68 81 92 123 155 44 287 30 159 80 154 143 150 157
2880 32 92 123 186 158 140 62 180 41 193 146 156 171 208 209 284 297
440 17 66 89 109 111 51 104 191 126 187 228 215 121 107 133 61 156 240 290 297
760 44 70 72 104 132 178 181 3 200 121 110 33 142 160 268 55 240 48 112 284 97 137 163 190 242 244
2550 9 23 35 41 54 88 107 126 106 46 177 237 235 118 167 216 221 230 265 279
1760 13 67 98 116 280 271 93 202 262 225 180
1430 58 72 92 291 166 180 222 269 17 61 137 240 118 209 294
220 59 99 136 265 231 195 133 21 51 52 211 299 61 166 204 219 221 236 243 273
1280 12 68 80 105 122 187 200 218 28 87 118 174 235 290 103 294 14 35 206 173 238 250 295
1190 5 71 82 90 111 122 228 183 274 145 62 244 57 105 189 155 251 161 170 281 36 188 200 279
2180 15 54 131 201 216 236 44 119 155 168 219
1210 20 38 102 123 265 101 248 68 84 78 251 145 206 227 235 293
2200 17 30 52 133 62 91 83 273 1 153 192 87 121 119
2640 32 88 154 158 130 258 289 201 202 230 233
2410 31 38 52 86 88 93 117 173 178 232 65 83 229 216 168 222 265 270 275
2720 120 123 139 141 147 161 75 268 156 82 247 252 24 181 221 249 251 274
770 91 98 195 131 85 257 278 180 204 153 17 292 150 159 209 226
1980 6 16 41 73 102 145 287 211 228 203 166 202 243 294
2950 31 36 59 110 117 223 212 180 89 226 43 187 291 213 227 250 257
1040 9 204 274 195 161 221 82 178 37 174 258 168 180 228 296
2320 21 146 175 91 185 241 56 192 23 218 130 236 111 106 263 9 281 89 166 177 256
1090 15 38 62 80 97 106 37 163 191 29 226 168 177 266 296
1320 21 72 18 183 210 225 250 270 298
1720 7 14 59 95 128 142 146 288 104 178 4 154 211 296 91 106 241 61 28 46 209 201 5 158 234 255 103 69 175 193 206 228 290
1830 5 32 52 130 143 153 286 255 241 82 158 79 246 155 88 20 113 259 9 191 233
260 36 85 130 139 154 140 126 40 107 42 283 230 128 188 180 196 204 211 277
1360 33 56 94 117 132 145 223 68 260 122 243 102 127 131 18 254 160 167 180 234 245 253 294
1490 19 54 82 107 9 105 293 2 171 210 257 288 70 174 124 130 187
2940 11 31 71 89 131 143 153 154 288 252 49 65 66 171 181 193 195 201 208 259 294
1460 7 30 43 62 79 130 146 44 297 216 47 204 223 273
2260 41 45 52 54 124 126 133 156 51 121 68 89 113 83 47 167 182 197 213
2880 25 37 39 63 64 139 145 149 242 216 186 232 298
1060 40 120 71 125 295 227 214 271 222 218 100 56 210 260 183 258 265 277 289
2140 25 151 212 240 249 101 74 125 4 133 266 273 211 166 221 228 253 261 279
2050 40 74 95 116 33 77 69 166 4 125 165 60 225 239 273 282
1870 52 111 164 107 256 261 265
1350 3 5 39 102 136 137 147 164 150 125 57 263 45 295 195 40 239 163 194 10 248 13 97 247
2200 40 42 72 80 86 6 160 57 168 201 62 224 134 202 213 9 275 105 156 232 55 183 251 269 273 283
460 39 45 93 151 167 140 214 82 171 149 144 287 27 286 263 175 209 243 260 261 266
1360 1 29 62 81 235 13 79 191 251
2580 12 23 41 43 63 110 139 85 68 86 281
2030 1 15 81 93 110 129 157 158 168 92 96 253 131 232 239 259
180 3 36 45 91 123 86 199 104 240 73 198 56 246 280 52 41 81 29 294 183 187 217 224 230 236
2050 31 92 98 100 144 138 266 112 249 181 214 222
1410 54 87 95 105 112 138 149 157 63 69 233 296 297 111 77 248 62 68 283 230 264
980 7 11 25 128 129 150 168 275 110 153 217 50 5 230 214 216 233 273
2520 69 17 236 46 28 238 22 60 23 187 191 228 250
2060 26 101 112 128 134 2 238 151 120 223 184 206 102 150 283 244 59 186 208 224 232 273 275 281
2630 9 14 111 119 133 144 149 153 208 224 233 292
10 9 15 20 30 56 84 89 92 107 36 230 14 186 263
100 54 112 131 136 146 148 262 297 277 156 135 200 99 39 149 155 192 248 279
1530 92 107 133 194 111 48 173 39 86 145 158 241 265 119 26
1990 25 120 100 107 224 160 12 225 27 57 228 197 201 211 233 242
1890 5 36 81 122 139 108 24 4 200 152 37 162 116 167 218 263 172 98 202 253 277
610 56 128 177 90 85 221 66 209 68 200 219 276
1470 75 81 150 114 113 186 76 203 233 250 282
40 31 121 127 131 179 185 280 243 210 252 177 271 272 79 47 63 242 161 219 253
2960 19 37 97 132 138 148 80 34 78 51 269 73 242 13 55 298 88 199 191 176 157 89 54 172 196 197 207 225
1360 91 155 139 65 79 267 126
1990 120 139 200 23 110 67 197 209 216 222 243 281
1220 7 85 199 133 237 247 253 267 276 295
2010 23 37 43 92 132 151 187 154 236 176 67 87 169 89 36 192 197 234 256
2320 6 28 66 76 117 142 150 103 16 281 283 191 180 242 243 287 289 295
1590 131 269 206 244 57 233 83 284 158 112 237 153 243 274 294 298
670 17 18 30 75 123 166 181 25 100 111 47 27 118 207 264 200 268 291
2180 4 59 86 111 124 137 146 149 166 158 215 275 251 198 24 229 239 294
2580 5 99 126 267 187 233 7 51 155 283 197
2990 3 61 107 125 191 28 86 182 52 225 160 189 187 196 48 229 92 128 256 60 233 259
70 7 38 56 113 172 195 40 115 212 257
1020 20 53 59 73 74 172 187 190 71 65 41 117 256 31 104 10 234 236 212 261 293
2010 3 15 25 90 107 133 138 180 183 189 194 184 270 78 139 93 42 263 58 208 252
810 5 38 78 86 140 153 167 287 158 143 182 21 249 286 224 284 210 105 206 279 280
2580 15 35 104 135 167 147 183 112 239 255 19 92 143 208 231 238 275 278
1540 14 26 84 115 147 4 185 81 222 213 274
2770 34 54 146 149 159 213 137 252 208 155 123 241 250
2340 23 42 107 117 2 207 258 296
1310 41 90 116 138 177 193 53 153 105 66 70 280 14 30 79 141 22 57 201 283 9 224 228 286
710 5 8 9 72 103 194 205 89 187 33 225 216 244 270
2700 14 26 45 58 204 246 289 131 4 118 200 290 38 291 202 110 52 158 69 93 177 178 71 217 264 243 216 254 273
760 14 20 67 118 146 153 184 88 277 54 65 215 248 189 263 131 136 53 168 281 222 230 238 251 290
560 33 41 62 97 105 157 162 186 201 71 212 236 152 279 245 25 258
360 8 58 62 93 97 137 147 153 163 53 182 284 155 55 31 214 245 276
1410 53 148 163 210 107 5 198 17 129 222 28 280 50 30 199 115 228 245
1240 20 59 79 87 100 148 167 204 18 266 70 110 80 115 91 295 298 203 160 3 290 117 49 253 275 286
820 2 37 47 73 85 162 168 175 246 75 34 108 211 173 274 281
640 43 121 132 195 209 114 249
2950 79 87 122 140 144 159 161 61 57 175 207 208 189 134 77 19 95 217 238 281 285
2570 9 13 175 208 85 17 106 103 243 216 172 286 28 1 38 279 5 233 249 264 282 298
1130 69 99 105 114 125 138 150 162 183 219 238
620 17 54 104 106 218 140 186 293 240 31 241 184 273 137
2070 23 27 31 86 296
310 36 124 149 184 163 79 145 13 33 99 134 137 35 266 279
1900 15 20 26 30 89 115 136 162 203 212 287 298 24 209 65 112 244 144 173 247 67 189 232 294
80 2 26 124 129 148 156 177 249 74 295 128 57 159 277 283 294
2270 11 64 68 118 124 167 182 201 206 84 87 172 85 178 261 41 80 177 248 229 287 293
2960 57 83 135 182 197 207 90 187 164 78 152 283 100 246 234
1310 10 107 148 151 68 270 114 66 283 263 13 77 258 146 237 241 265 295
1180 26 56 79 98 100 115 126 162 66 148 274 82 141 242 283
1460 36 37 39 62 109 132 139 147 182 153 40 163 76 55 212 280 34 176 239 81 149 72 71 15 294 278 206
2960 97 144 195 197 224 292 253 107 4 251 7 239 246 249 290
70 3 39 54 84 99 125 155 175 179 134 75 174 209 264 143 97 285 56 35 79 281 104 109 172 246 265 300
2250 44 80 113 137 114 57 202 2 38 288 281
900 2 14 27 47 74 104 144 167 239 87 177 126 269 52 161 102 97 281 108 171 273 60 222 253 261
1140 24 55 85 100 124 174 193 196 35 197 292 51 3 154 217 143 14 175 185 32 271 73 182 178 63 61 60 274 277
1650 22 80 87 153 199 156 52 20 191 225 111 53
2080 4 11 25 31 79 134 138 169 85 86 241 141 298 53 259 269 111 239 272 279 282
360 23 59 71 140 150 176 191 199 210 87 16 92 294 172 50 137 238 256 265
1800 19 126 134 193 190 282 86 92 226 118
400 40 80 99 104 176 177 239 47 100 31 24 93 236 60 209 138 22 79 57 9 202 27 218 216 96 1 245 270
2290 32 39 56 107 121 166 195 202 228 232 238 49 63 171 267 74 75 256 95 58 164 229 235 61 286 261
1160 2 20 63 67 69 122 133 136 163 172 219 30 278 132 57 291 78 286 294
1440 92 99 106 111 150 153 154 181 204 219 235 34 226 273 290
2380 26 41 54 68 115 161 186 187 279 249 114 133 63 182 227 192 274 298 127 61 267 281
1160 14 16 87 156 186 208 217 147 65 259 193 258 137 168 50 270 250 192 189 290
1600 25 40 52 91 98 139 177 193 222 207 133 280 293
2100 50 88 112 116 121 210 65 285 156 250 82 211 30 238 128 90 212
1370 69 126 154 172 208 214 225 91 122 229 79 23 230 258
1550 26 36 56 90 93 115 122 145 222 33 166 3 259 255 109 291 11 94 190 298
2610 57 59 123 141 166 174 209 224 285 270 180 251 108 278 15 81 101
140 88 123 163 173 201 223 242 145 56 215 105 282 287 285 229 251 102 4 217 254 8 27 252 259 286
710 6 15 16 20 69 92 124 243 245 185 255 176 152 204 148 138
1480 94 106 139 141 195 229 248 249 260 109 12 77 145 209 167 169 104 128 41 295 261
130 30 41 77 113 126 145 158 186 204 56 117 249 200 256 269
2390 3 171 229 18 282 190 283 76 59 213 183 232 69 156 186 38 121 163 125 291
2980 124 156 249 297 208
1230 2 14 47 76 96 153 154 202 247 250 91 289 117 128 261
2680 9 47 79 97 197 199 239 252 277 191 150 98 6 81 106 53 4 165 10 236 102 101 286 263 281
2930 80 100 116 120 146 157 198 39 148 283
2470 55 58 143 149 226 243 65 162 71 276 296 210 205 8 246 104 78 51
1370 23 30 43 63 92 110 154 235 243 247 275 158 171 5 197 249 269 284 296
930 58 106 156 162 251 24 45 168 79 80 92 269 284
2760 39 76 224 255 239 120 290 232 94 163 274 199 66 168 251 111 114 65 266 165 118 262
1340 29 75 94 119 124 135 180 261 118 128 283
1230 3 63 74 150 166 168 183 200 209 226 276 52 256 86 179 93 49 53 277
2720 32 54 56 97 194 208 230 287 45 276 174 217 296
60 15 50 72 75 101 102 137 141 181 226 144 230 236 29 134 267 165 273 127 162 283 298
1860 58 163 173 213 261 168 281 1 221 46 151 106
2080 25 104 188 196 239 265 91 190 242 289 290
2130 2 32 36 107 109 114 115 121 133 145 280 277 71 81 194 274 293
1470 7 28 32 35 38 47 136 187 193 232 235 259 39 260 252 75 284 82 167
2170 75 80 200 226 243 248 53 62 83 207 152 238 121 144
940 14 15 33 135 162 186 233 295 68 8 107 32 102 115 11 279
2290 15 84 85 102 186 235 290 12 275
830 1 2 5 11 106 142 163 219 232 265 104 81 164 159 208 241 122 177 58 175 33 137 119 167 41 101 300
780 26 84 97 120 139 149 214 227 242 261 233 193 81 145 203 268 73 80
260 25 47 94 128 167 175 195 259 177 98 202 213 11 144 272 6
1700 25 98 258 263 264 190 211 3 184 81
940 30 84 106 180 209 256 268 17 233 263 9 223 183 128 162 155 284
1870 56 146 228 240 248 3 97 202 62
2290 3 5 32 66 129 210 217 242 25 271 180 105 139 235 221 163 15 201 134 38
1450 8 71 101 135 172 186 206 212 228 268 201 244
2320 3 56 59 64 88 99 117 139 150 170 192 209 230 232 266 256 30 189 76 288 84 177 93 104 214 242 115 231 216
2140 7 20 25 32 47 86 237 249 253 63 164 235 217 54 185
1860 14 71 84 85 110 125 155 174 177 192 196 206 225 226 253 223 227 167 257 262 21 265 36 123 294
2610 11 28 69 133 193 201 211 269 277 259 260 287 131 61
50 16 20 26 34 230 245 248 249 295 216
40 2 40 154 168 201 217 239 256 101 213 249 240 206
1240 19 37 92 130 147 168 201 222 249 264 284 77 224 40 192 113 18 128 76
1260 14 95 153 157 158 231 281 122 36 20
1320 92 143 208 255 267 192 162 36 13 49 292
2140 65 76 138 208 213 261 272 128 153 54 132 229 6 4 127 39 298 107 267 241 68 209 243
2130 2 35 42 61 83 93 97 116 124 136 148 208 240 247 117 114 128 194 32 253
1250 53 81 104 107 146 229 233 99 289 178 70
1670 125 157 219 224 141 76 110 268 101 199 244
2700 35 55 101 138 172 228 236 109 223 195 156 240 136 283 87 158 222 193 147
2500 30 41 128 162 166 213 223 251 271 285 192 226 10 102 138 96 77 190
2690 31 54 76 105 153 174 258 259 149 19 264 220 151 50 79 205
870 17 34 159 174 180 254 132 97 7 131 78
1290 14 54 58 69 126 129 187 213 222 235 242 290 217 125 161 265 247 152 101 91 193
2840 91 137
1490 82 42 79 273 230
300
1760 220 152 49 213 146 88 19 21 32 100 119 125 149 255
400 92 213 238 166 242 222 89 260 155 107 71 159 188 209 214 218 268
1760 274 207 199 16 277 55 140 10 214 288 102 179 46 21 30 79 99 118 152 180 197 230 236 282
1680 71 237 80 42 93 153 176 179 205 210 244 265 280
1400 274 166 153 295 217 265 44 38 244 285 85 56 200 8 133 12 35 42 137 165 187 194 197 224 282 290
1400 39 123 144 28 58 67 108 129 153 166 177 186 188 205 226 227 257 277 282 283
2440 231 265 201 96 145 198 173 78 86 91 229 250 267 299
1600 5 154 127 279 292 25 117 136 170 198 236
2550 81 241 43 155 275 142 290 55 273 250 72 131 133 190 209 258 259 297
2550 3 294 21 87 148 16 48 83 97 169 171 213 217 225 285
250 83 261 64 179 203 51 235 265 274 207 14 54 90 154 196 213
800 192 299 228 5 168 123 138 155 209 212 223 243 269 275
680 233 253 95 172 21 283 211 183 138 180 106 274 147 91 139 209 161 60 108 173 218 226 259
2070 102 107 138 158 236 11 31 171 197 204 249 257 290 291
870 155 264 224 168 158 97 141 81 290 131 210 112 33 30 35 65 93 98
1240 3 231 286 205 27 272 232 177 10 219 181 141 129 78 109 148 300
2510 200 153 29 185 36 60 57 184 189 215 225 246 257 261 270
1130 291 233 296 75 109 216 170 212 81 120 211 101 106 141 177 198 200 287 299
2960 109 204 50 38 85 83 118 198 216 89 1 66 107 127 157 184 275
1230 211 103 290 154 134 228 70 88 104 113 125 133 146 152 164 203 225 239 266
2960 10 13 257 214 249 271 3 255 205 241 229 50 147 1 161 59 85 112 146 165 195 202 247 270
1430 118 98 198 95 295 220 54 79 156 175 189 207 225 255
470 90 191 177 203 214 252 65 175 68 154 218
510 104 284 65 225 30 66 70 138 184 245
840 8 46 212 49 76 86 90 100 120 123 125 135 193
1200 112 122 76 254 93 75 126 63 73 100 199 210 286
1210 16 225 234 50 30 275 244 262 276 247 52 227 131 98 112 115 134 166 170 197 208 279
390 218 139 155 30 174 74 75 6 134 214 221 231 186 157 90 99 164 166 171 193 213 250
870 17 171 127 77 275 53 71 212 92 98 99 115 149 183 190 202 259 263 279
480 24 27 28 98 113 248 144 231 3 15 57 61 82 93 96 175 215 219
550 293 210 161 200 181 213 165 217 133 268 56 160 103 287 119 14 221 89 163 271 228 32 171
860 177 239 84 31 1 161 51 105 44 71 174 194 228 247 256
200 15 184 72 227 176 149 97 222 220 133 242 190 179 107 121 136 148 160 163 210 271
1580 183 219 194 88 166 146 177 210 226 245 270
370 270 15 5 80 59 127 90 152 199 207 215 222
2570 17 117 51 114 60 89 135 171 184 198 199 206 226 229 256 260
810 70 194 161 109 231 210 56 279 261 91 130 58 134 160 170
860 5 19 298 198 68 277 199 135 174 183 239 296
250 6 204 168 200 233 224 43 55 173 198 272
1030 257 70 287 107 209 241 54 86 145 300
1900 98 155 222 235 162 144 88 51 59 90 207 259
1680 230 264 43 88 265 4 102 5 255 249 96 117 198 207 212 214
370 9 42 108 274 283 39 68 71 88 104 117 199 230
870 5 245 203 95 50 85 87 212 78 32 197 151 260 52 61 98 145 152 194 266
2830 104 172 208 149 282 52 154 164 49 57 63 118 150 226 259
450 3 25 57 277 104 137 49 122 66 83 100 151 186 239 254 257
620 135 198 204 89 112 219 251 215 137 53 127 268
2420 144 10 211 173 59 256 259 232 80 73 82 116 136 207 215 224 237 251
2140 1 46 25 138 299 45 232 175 82 126 130 136 168 215
1810 19 21 27 44 209 59 103 244 82 194 70 92 130 137 151 156 174 184 205 235 260 291
90 11 32 36 135 249 232 85 293 41 290 286 133 84 153 177 188 244 250 296
2780 27 45 240 75 272 253 44 244 57 217 125 260 286 158 203 86 131 150 172 193 208 214
680 29 245 288 177 101 215 149 257 258 47 296 88 193 141 137 166 196
970 22 40 116 63 121 126 11 141 236 207 183 55 59 88 148 163 188 264 294
390 3 9 181 193 54 227 266 64 274 156 90 222 39 207 259
790 5 31 37 210 225 242 106 117 128 140 189 246
2290 46 52 206 140 247 166 121 123 73 45 239 127 217 173 60 17 30 79 202 213 230 233 297
1080 6 245 37 204 170 298 244 101 61 78 153 173 207 208 230
30 35 48 50 252 21 176 244 41 278 73 54 119 276 257 120 166 183 258
3000 17 36 57 13 73 197 199 168 206 215 121 71 155 173 230 267
750 276 238 58 145 44 245 30 88 98 148 165 229 264
1890 64 84 242 104 129 169 87 130 212 72 166 201 244 260 276
2460 54 260 182 247 183 237 89 295 26 65 114 194 298 190 45 93 214 265 217 257
380 11 55 62 240 255 197 111 88 150 204 215 254 273 277 288
2650 23 24 63 164 282 236 171 155 103 15 97 125 147 152 154 196 240
710 24 239 205 233 46 240 139 276 135 96 225 255 19 253 100 110 122 124 146 152 171 206 207 212 273
2680 135 140 6 161 168 71 102 107 173 183 193 201 249 262
150 38 267 172 136 43 23 133 82 254 103 126 187 205 206 230 241 293
2410 137 98 113 131 256 260 271 282 294
910 37 40 189 20 159 223 145 197 176 237 77 50 84 24 247 102 148 235 258 263 279 282
560 4 29 43 258 60 2 95 67 169 32 125 89 156 94 151 193 215 247 277
420 33 9 188 265 218 62 78 165 114 131 276 190 157 249 103 135 182 208 222 246
200 57 59 60 123 129 217 26 48 92 175 193 213 246
150 28 147 167 80 174 128 104 241 170 111 292 126 159 199 201 207 257
1490 18 26 28 52 281 83 86 90 98 173 189 208 209 222 230 245
1450 26 115 235 25 107 116 126 172 207 254
2940 29 70 113 139 78 121 131 144 209 222 244 262
910 16 44 72 212 158 77 83 198 293 130 97 250 7 58 127 129 228 235 240 244 272
740 3 297 104 22 128 217 57 125 268 159 108 123 131 132 162 168 216 270 282 289
540 4 35 48 74 184 194 146 140 95 88 122 174 260 111 154 171 179 203 208 225
60 9 15 18 143 181 83 111 155 116 117 136 149 153 197 228 239 282
1430 50 68 161 227 231 92 30 150 49 147 48 247 86 133 146 154 158 160 175 184 214 270
1230 11 19 78 81 159 10 46 75 161 201 137 203 111 128 212 215 232
2390 32 62 70 107 51 265 118 139 213 255 260 270
920 5 19 44 51 234 270 269 274 21 217 264 182 94 98 119 227 246 258 268 296
2960 88 271 25 169 231 212 251 82 268 40 52 7 75 107 115 144 186 237 260
510 10 44 62 295 219 250 182 97 187 93 100 160 178 279
430 1 34 41 42 53 80 86 244 64 61 263 20 272 271 247 241 104 54 43 112 169 199 229 279
80 2 19 31 47 63 71 193 279 268 36 157 293 177 225 124 213 299
1810 23 55 28 25 189 210 11 75 35 41 100 109 156 235 285
2250 13 37 7 104 170 180 246 128 239 145 222 171 199 240 270 288
1260 2 82 29 229 176 250 221 50 136 73 165 192 231 170 110 148 267
2810 26 63 113 193 222 30 87 265 15 166 274 4 202 111 126 149 180 183 189 237 260 294
1960 85 71 248 287 156 142 121 253 98 199 294
2760 13 22 44 71 80 188 217 141 238 174 112 126 163 224 225 248 296
2930 7 66 97 225 220 230 289 30 42 266 215 125 132 141 182 216 223 237
1350 15 33 78 87 96 65 222 273 10 150 198 233 287
360 22 30 41 69 218 27 269 297 44 85 15 212 29 94 61 158 75 283 221 246 135
1910 28 151 262 29 241 166 3 294 111 197 204 214 239 246
710 267 211 46 66 256 26 143 192 140 124 25 87 171 193 90 254 1 183 117 150 152 203 214 261 268 280
2320 53 58 201 18 198 236 256
1890 3 14 42 147 67 121 239 120 293 70 116 138 286 194 228 110 135 163 198 209 230 249
980 20 31 50 65 238 68 197 272 72 167 161 254
360 24 45 46 62 74 79 88 91 107 247 227 207 20 149 43 150 189 257 126 245 159 144 231 251 283 285
2790 32 174 108 170 121 213 140 193 156 199 222 283
170 13 211 170 121 292 18 221 56 230 184 194 198 213
1220 2 14 40 84 104 229 240 76 295 67 165 286 19 135 151 136 86 164 154 33 273 258 184 238
950 43 79 105 264 172 13 6 255 210 249 179 163 171 230
1490 18 19 37 217 90 137 294 188 207 16 150 146 110 279 117 286 290
2760 109 175 130 92 250 66 223 102 150 259 144 160 208 210 245 266 267 280
2210 64 74 81 114 123 252 224 99 125 83 195 80 207 204 93 170 144 155 209 215 247 254 260 264
2670 15 26 47 21 88 95 279 297 27 162 124 181 196 204 254 293
1110 30 77 93 20 235 150 69 141 191 158 222 225 262
410 36 63 72 111 235 197 160 161 180 287
2370 76 223 86 29 27 186 294 150 127 179 224 293
1260 54 102 48 167 81 282 76 148 171 208 217 239 247 256 258
2660 36 109 271 232 174 165 268 81 262 56 282 42 8 239 43 100 283 207 146
1830 19 22 84 198 135 231 3 296 45 253 190 222
1810 31 59 1 201 85 136 256
1770 18 102 201 157 140 188 272 59 251 25 154 183 185 204 208 236 266 285
660 54 57 60 94 102 105 106 238 217 158 33 77 178 169 171 244 265
350 26 46 80 182 66 245 183 252 137 157 166 193 215 236
1740 6 57 73 111 25 79 12 286 285 150 293
730 100 112 89 180 66 164 146 205 196 131 169 181 182 231 246 255 264 277
2970 52 71 79 96 111 143 1 217 128 193 149 20 65 25 160 190 210 268 279 293
1530 26 54 104 252 49 76 74 195 93 216 201 95 243 146 68 192 208 222 262 266 290
2020 8 29 35 57 78 139 198 47 244 237 277 19 172 180 132 128 115 255 161 167 296
1290 74 79 91 125 127 56 83 141 155 161 267
2170 16 62 73 78 6 227 211 184 212 220 263 287 293
1970 37 62 78 110 219 195 207 167 212 49 50 177 204 249 256
1610 15 27 72 217 211 9 277 143 146 206 124 186 52 79 282 138 69 244 77 208 188 196 236
1560 127 79 155 179 141 96 161 136 284 280 227 272 171 197 222 224 250
2720 5 31 33 51 68 173 248 20 9 82 169 224
2280 20 28 244 27 213 37 254 150 163 182 197 207 220 224 234 249 296
1870 47 51 66 67 107 118 102 238 38 72 36 289 265 296 143 25 98 144 163 176 247 249
1350 68 92 107 132 81 49 169 119 8 154 48 33 203 144 152 161 202 246
120 46 47 69 83 109 5 201 147 50 122 171 148 253 53 141 151 179 209
1930 13 14 49 102 131 184 147 24 12 144 146 261 271
1640 13 28 66 77 127 230 84 165 208 232 238
1350 3 57 67 80 100 105 120 56 144 159 166 185 210 221 247
1020 15 16 53 54 95 113 132 276 173 96 207 288 18 137 254 128 210 215 250 289
1090 9 94 262 194 292 161 148 155 199 248
820 81 100 125 131 135 261 212 177 264 170 206 239 195 258 221 166 198 288
190 6 30 41 48 140 111 135 104 285 210 269 136 181 233 86 110 138 247 77 166 209 214
1510 7 61 70 91 40 184 44 276 236 150 151 166 194 239 264
10 1 80 109 124 126 131 66 246 34 138 293 214 117 82 20 231 282 21 209 223 298
750 13 21 74 82 102 137 138 177 65 258 260 157 171
160 10 137 70 197 142 92 270 54 33 116 205 158 61 16 204 208 235
430 33 45 53 104 125 241 1 153 176 93 81 253 29 243 250 159 245 204 211 239 264 286
2630 82 104 109 110 113 115 250 64 172 100 158 134 215 226 183 123 277 52 256 145 289 190 45 97 238 242 245 247
2350 44 99 107 296 71 46 183 197 269 190 235 222 171 137 250 145 286 50 282 206 157 180 229 230
2910 1 65 287 35 66 44 20 100 186 3 279 237 234 174 136 168 210 231 182 201 276 280 299
1200 5 17 149 81 51 6 4 58 159 193 213 229 249 255 270 271 280 286
1170 8 20 45 107 136 120 255 65 219 23 203 201 82 256 214 243 80 215 293 11 223 230
2080 2 9 15 28 41 65 81 132 142 60 12 111 128 241 204 235 237 283
1140 55 71 94 163 187 105 267 221 219 50 22 90 196 231 246
1490 28 72 89 120 197 151 19 122 292 285 147 297
2230 14 15 52 78 98 113 121 148 150 82 171 214 222 226 264 285
1320 70 79 83 104 149 270 74 203 153 2 140 163 180 184 193 207 209 249 261 295
1450 31 163 37 114 194 125 33 257 110 87 185 82 282 177 197 235 283
2870 13 21 31 32 37 67 82 83 132 142 200 136 173 288 256 114 247 127 275 128 103 174 169 209 244 260
950 41 112 213 293 79 242 296
2190 31 156 160 208 135 54 33 134 197 108 95 159 206 102 193 209 261 263 270
2320 45 65 107 124 272 188 264 20 28 251 278
1440 31 72 92 107 117 5 21 139 61 259 216 276
2830 2 5 34 57 93 99 173 246 62 143 28 53 6 140 122 144 192 59 145 27 177 223 292 296
2730 74 103 116 130 249 225 177 196 127 288 221 266 186 207 257
1600 12 15 39 60 67 152 233 232 223 216 79 266 49 179 183 207 260
1630 62 71 86 133 136 161 177 188 171 124 88 10 121 182 218 254 264
1820 18 58 74 91 92 105 106 111 143 292 8 198 27 37 206 256 209 219 223 228 231 295
500 29 65 91 100 137 151 169 66 10 28 14 292 247 177 147 31 272 116 158 220 108 80 36 285 184 294 121 132 296 253 208 215 283 299
1590 13 45 68 108 127 150 52 278 260 76 207 250 266
450 7 48 57 133 141 161 166 13 277 67 60 58 254 39 251 75 188 208 240 244
3000 28 74 80 95 105 117 152 161 211 248 227 32 50 38 176 193 214
320 23 49 110 73 82 30 234 220 264 22 239 286 189 266
2800 33 59 70 92 149 135 4 256 174 285 191 183 218 268 286 296
580 16 23 32 53 89 143 147 167 169 171 284 160 224 166 200 18 189 287 130 51 34 210 6 222 249
710 121 260 87 280 190 227
2780 3 11 33 108 132 115 137 188 80 4 168 206 215 238 243
2020 13 91 124 127 295 159 114 3 93 151 210 221 271
1220 16 31 55 81 144 112 124 244 247 259 288
1550 63 85 87 122 124 263 169 152 205 134 289 273 96 72 200 264 270
110 13 34 54 63 100 122 150 151 29 249 67 93 38 288 257 187 217 59 168 120 221 240 176 224 225 258 279 283
1860 33 80 107 138 145 171 82 24 295 259 224 159 212 241 106 50 129 208 36 17 19 231 232
2850 17 160 270 120 259 140 210 204 232 260 290
2810 28 115 131 152 86 6 203 46 167 256 196 227 249 254 262
2220 87 156 183 5 292 68 236 293
2160 72 95 109 120 164 169 179 2 131 51 224 225 173 6 54 219 221 288 249 202 231 256 281
680 70 90 104 177 196 56 205 175 280 75 93 17 270 236 22 198 243 244 295
2200 33 63 72 150 151 125 264 118 29 9 287 178 205 261 288
740 23 113 176 210 262 206 232 249
2990 12 92 100 166 126 230 229 272 204 207 238 262
2130 53 55 89 93 100 105 125 122 52 258 230 71 224 223 174 25 28 159 163 73 153 282 290 67 226 275 278 281
430 34 37 50 63 80 102 142 160 32 44 5 106 145 212 278 290
260 111 126 130 143 21
1850 124 156 167 189 65 53 285 276 186 250 202 131 112 11 218 239 251
310 44 60 64 70 103 114 148 151 157 163 3 99 14 134 294 160 279 27 227 5 132 244 81 200
2480 7 19 22 38 47 78 118 127 170 97 189 106 280 252 143 42 18 8 39 36 208 259 102 101 255 269 291
2340 3 38 60 231 264 228 26 91 74 43 36 88 94 35 105 272 142 201 208
1670 5 17 31 39 161 177 197 259 18 182 245 254 258
1480 7 83 101 119 120 126 137 154 227 240 74 199 67 250 62 152 233 247 215 225
410 93 196 188 286 136 29 57 296 21 298 241 269
1270 11 23 44 52 83 136 154 159 186 20 247 271 100 293 246 80 239 253 259 289
700 19 39 47 58 111 148 149 192 155 64 222 112 99 14 130 185 120 256 264
2070 16 21 66 124 148 182 189 6 50 213 68 4 190 242 229 249
2780 57 60 131 143 151 163 170 66 36 191 179 68 234 209
2190 3 11 54 104 109 111 117 130 141 58 167 134 281 159 74 252 290 192 42 55 41 172 22 76 35 48 66 168 260
1260 45 131 163 184 198 80 120 110 173 215 27 75 199 116 171 126 52 72 148 58 232 139 258
1020 13 40 50 75 146 77 12 2 102 144 206 159 217 170 111 161 137 9 163 223 292
1440 15 31 37 56 90 108 144 152 177 185 191 234 180 4 34 125 33 141 249 140 110 26 295 266 229 259
2770 13 18 20 48 100 106 129 131 174 149 257 215 278
320 18 25 29 44 62 78 86 98 130 143 184 66 194 83 235 42 12 129 230 255 271 292 296
200 1 2 31 105 134 162 205 73 11 225 57 28 106 84 89 153 299 282 10
180 3 21 23 28 63 146 154 42 100 144 2 52 220 99 228 158 174 82 217 282 297
2410 47 53 60 96 150 154 208 64 230 17 35 235 295 49 286 211 141 30 171 48 71 83 201 122 179 111 224 240
1530 18 19 126 168 165 79 260 96 252
860 5 31 52 57 73 79 85 95 109 121 125 131 183 209 214 116 229 10 63 238 299
310 28 72 98 23 2 13 196 176 169
810 16 34 47 87 130 154 156 188 30 170 232 285
960 1 22 33 96 171 175 214 129 290 228 134 288 285
290 28 31 92 98 106 143 156 167 183 188 230 180 256 140 255
1550 2 33 41 55 91 93 97 151 204 158 260 75 105 132 118 126 35 177 77 113 72 288 239 275 283
1560 70 110 115 168 193 96 154 146 12 209 166 248 170 283 290 295
1250 15 39 111 177 184 188 193 215 295 134 132 299 254 133 5 95 115 183 48 280 260 273 285
260 24 27 56 66 89 96 167 188 213 17 22 183 10 113 95 20 80 201 277 291
1870 150 193 34 45 158 262 36 6 13 256 299
650 27 33 55 82 104 129 132 174 197 201 6 178 85 186 248 255 261 279
2020 12 20 31 102 199 214 220 81 170 32 78 230 240
2250 21 92 107 192 217 153 210 61 239 259 205 151 232 88 7 36 293 298
1000 42 96 106 139 192 193 215 221 151 228 276 231 57 3 68 58 60 108 102 260 43 242 212 235 154 75
2660 7 16 28 30 37 82 86 92 118 146 152 199 230 184 188 156 276 124 170 104
730 16 48 49 51 117 168 208 229 191 83 265 185 219 184 261 139 260 242
1960 13 18 39 66 144 168 201 57 97 266 256 271 259 248 268
2220 27 85 152 175 206 210 134 245
2810 11 41 76 113 114 151 212 215 230 160 78 148 155 70 259 90 50 256 257 282
1790 14 54 65 145 189 8 279 294 131 120 101 3 122 187 287 240 262 263
1370 4 63 70 127 152 48 296 93 86 96 155 253 259
2690 2 61 95 103 121 135 150 242 179 278 139 217 107 192 283
2220 32 57 66 91 102 117 143 175 222 229 145 81 38 99 291 20 149 46 203 116 196 275 257
2930 52 64 66 107 183 201 91 289 215 276 65 236 173 78 228 293
1140 9 21 40 74 88 99 149 155 184 202 68 245 260 300
2510 2 33 56 62 205 230 232 238 150 280 162 263
1270 126 149 154 179 189 12 292 259 255
1190 5 27 50 52 58 59 88 127 131 134 197 173 262 62 51 189 181 78 4 121 264 77 161 259
2260 44 53 58 61 104 122 149 284 34 234 75 24 241 255 150 200 110
2580 91 98 146 166 203 136 99 17 72 260 124 296 156 73 85 56 256 294 297
250 27 57 63 70 82 88 104 144 161 171 201 203 32 21 135 71 258 116 150 111 181 140 249 261 277
380 30 94 133 174 223 233 95 258 227 142 255 279 254 283
2380 21 42 51 72 108 167 183 188 210 247 135 14 153 186 67 102 159 205 130 191 177 134 273
300 9 78 87 92 110 149 150 151 196 201 7 262 132 272 141 51 172 28 260 280
1310 47 86 120 173 164 254 196 104 48 264 278
2470 23 59 111 122 126 198 207 260 289 216
2640 13 52 66 94 118 137 149 171 203 237 255 270 278 279 297
2600 26 68 100 134 141 173 224 251 200 169 46 103 248 111 186 112 268 64 76 294
200 21 42 64 66 108 127 154 245 248 253 124 22 271 153 221 1 212 263 227 265 268 84 278 243 198 286
2150 48 100 150 154 161 170 176 186 221 233 130 263 116 204 188 36 119 69 101 32 246 235 226 266 280 282 285
740 21 40 53 59 104 160 183 211 46 167 235 239 262 6 14 74 17 63 279
2330 53 71 107 143 147 193 247 248 70 267 9 59 116 85 200 183 208
2200 48 110 165 184 185 198 200 229 233 235 243 285 55 210 13 9 29 45 203 237 181 41 244 262
170 2 44 52 63 80 147 172 178 216 222 230 232 246 252 241 207 69 50 111 168 250 161 93 84 185 86 224 36 62
130 11 37 143 232 163 17 227 247 138 159 190 100
2410 27 99 117 142 191 226 244 250 257 77 259 67 113 236 126 192 186 295 269 283
1470 88 182 242 255 256 70 236 129 29 163 293
2670 15 42 85 108 143 164 175 190 199 244 111 251 149 54 182 204 279 158 124 61 145 169 276
1710 5 7 11 42 63 72 84 93 135 232 255 273 4 121 267 281 285
1190 55 96 167 168 210 233 120 126 20 297 278 175 172 110 44 291 256 271 298
1900 68 100 156 258 92 265 7 110 60 128 273 298
1650 31 79 86 89 117 254 255 47 100 85 2 176 125 233 273
1510 85 98 144 151 262 12 202 198
1580 35 85 148 159 185 189 91 17 82 253 182 84 21 153 79 34 284 163 293 297
2900 21 31 86 88 117 203 233 255 266 33 180 138 212 153 69 275
2010 16 52 88 103 120 132 164 171 192 199 250 39 78 273
2650 9 97 107 182 249 265 267 272 291 275 224 286 64 268 66 277
250 3 5 11 13 43 55 85 93
320 9 27 29 161 239 273 286 19 12 222 193 271 281
1230 27 59 61 66 72 141 145 196 230 231 240 264 62 152 165 295
2160 3 38 46 127 131 150 173 273 71 247 64 6 124 225 288 295
1000 59 172 238 255 266 193 251 211 253 194 164
290 8 37 89 109 112 152 197 236 248 257 264 183 29 88 125 227 253 87 70 27 292 295
1930 132 178 189 198 224 242 256 250 110 100 4 153 152 299
10 75 207 188 275 298 193 265 284
850 45 65 116 117 131 146 151 160 193 213 3 79 256 5 69 70 6 214 235 81
2870 13 43 98 117 183 262 238 160 248 223 6 298 105 155 171 222 104 289
460 24 132 177 245 270 281
590 5 123 144 157 171 176 196 259 256 265 219 224 10 158 104 220 90 120
1820 16 51 52 102 107 123 151 175 202 215 273 275 153 176 109 255 149 26
940 31 40 94 152 177 190 236 114 129 97 18 289 300
1910 3 53 141 161 167 183 188 220 222 91 143 181 190 277 64
440 96 135 150 182 240 252 283 290 203 79 141 287 296 300
1550 9 15 20 51 193 207 220 289 194 126 185 109 5 223 14
2360 18 239 266 273 198 225 14 50
320 8 74 106 142 157 170 171 187 243 279 209 212 166 297
2360 31 51 78 89 102 146 154 162 203 123 187 129 270 125 68 112 263 229 240 115
1100 10 99 109 115 171 197 236 94 93 54 254 69 246
760 5 22 63 87 107 180 184 210 215 224 262 170 279 276 159 223 277 189
1910 18 53 118 135 151 171 202 237 246 162 127 134 166 51 38 176 212 85 95 289
2630 79 98 112 266 157 246 214 57 292 253 9 270 300
2950 38 58 63 202 281 283 267 266 146 229 300
2470 12 49 213 224 280 217 152 7 89 18 171 226
2220 297 16 289 287 241 298 40
0