50
150 39 18 40 47
460 16 38 39 42
420 50
140 5 8 36
90 4 19 21
210 33 23 19 35 42 47
390 27 8 39 23 45 35 44
100 7 4 26 46
200 45 11 42
300 13
120 37 9 16 24 33 42
400 44
270 10 48 39
500 49 24 47 43 35 46
80 16 29 23 28 31
330 2 15 47 11 18 32 33 49 50
430 32 42 39 46 48
110 1 16 36 44 20 30
110 6 43 5 20 23
130 19 18 21 23 49
80 23 33 5 29 20 37 50
290 24 27 30 32 35
20 6 7 21 15 41 20 19 27 31 44
140 14 11 22 44
210 41 37 45
400 32 44 8 42 47
400 7 28 40 23 22 46 33
190 27 15 30 40
310 15 21 39
60 18 31 28 22 43
170 30 23 15 45 38 39 49
270 17 26 22 16 47
480 6 21 27 11 43 16
340 37
340 6 7 14 22
10 18 4
320 11 34 21 25 46
400 2 39 31
430 1 7 38 29 13 17 2 31
150 27 47 28 1 48 45
250 23 25 49
70 17 26 6 11 9 2
30 14 19 33 30
380 18 26 23 12 24 7 47
230 7 9 31 46 40 25
350 27 45 37 14 8 17
410 14 16 40 6 44 26 1 32
410 13 40 17
360 14 41 20 16 31 50
330 49 16 3 21
50
470 23 16 9 18 21 38
300 27 24 46 25 4 20
460 26 18
240 2 24
260 43 11 45 39 19 21 31 49
500 25 27 12 37
350 48 15 20 22
80 15 23 24 36 47
420 1 13 21 25 33 43 50
150 40 33 16 21 34 49
230 5 28 24 29 34 43
190 6 14 28 37 13 44
110 46 9 47 12 49 16 26 27 32
300 12 46 20 29 41
170 7 35 30 20 8 17 24 39
260 1 13 10 25 20 22 23 47
440 44 15 26
50 3 45 1 23 36 19 26 42
400 5 18 25
300 7 14 15 2 44 22 16
260 1 10 5 9 39
50 20 34 7 16 31 33
160 1 18 8 16 28 46
70 2 15 4 8 11 26 49
460 2 6 16 19 9 38 35 32
490 3 13 30 18 24 17 45
80 2 6 13 42
40 11 12 32 23 41
300 14 11 32
430 15 26 48 44 33 37
90 22 33 37 47 5 45
340 28 29 13 25 37 44
140 10 31 30 39 9 22 50
260 22 10 11 35
400 15 25 34 36 43
160 18 35 8 41
300 12 31 32 41 6 30 38 44
500 25 1 37
250 5 21 33 15 44
200 10
440 28 37 36 14 43 50
250 18 48 27
500 5 35 41 11 9
150 17 20 30 39 37 12 32
470 5 18 26 31
440 2 13 14 23
20 13 31 16 8
500 7 30 42
300 13 10 5 24
320 9 41 33
50
50 39 34
360 27 38 20 25 49 35 33 18 28 31
340 5 11 16 21 23 28
480 41 15 5 19 23 33 39
290 3 4 36 47 38
80 15
130 36 20 22 24 35
130 40 20 33
450 13 17 32 27
90 21 36 14 19 35
260 3 13 36 12 27 45
410 33 45 49 39 11 42 44
230 9 11 35 36 39
330 10 17 24 31 34 43 45 48
390 4 21 6 47 17 44 50
260 3 43 33
420 9 14 15 42 25
100 42 30 31 2
170 10 4 25 34
70 2 8 7 27 28 37 50
60 10 15 3 32 34
420 7 26
500 4 45 3 29
180 14 41 7 33 45
30 2 17 19
350 22 38
110 2 20 9 11 34 41 35 47
20 3 2 20
160 49 23 31
140 18 33
170 14 18 38 43 2 48 29 36
170 9 21 34 45
240 2 8 12 16 4 30 24
130 27 1 32 14 19 21 39 40
450 2 13 27 7 38 10
350 5 7 10 11 43 31 13 45 47
340 20
460 2 31 35 40 5 26 47
490 1 12 4 40 34 13 48
290 8 38 39 34
160 4 24 27 49 50
150 17 18 12 47
310 16 31 36 14 44 49
250 43 12 46 15 50
410 12 23 24 11 14 32 36 48
150 44
440 5 15 27 36 38 42
410 31 39 45 14 50
270 2 12 29 43 41
320 41 15 48 44 20
50
100 43 49 3
30 9 28 31 37
330 15 12 8 1 34 39
230 16 15 20 21 10
300 32 29 36 46
110 25 43 33 41 16 21 48
90 15 26 10 23 32 34 40 45
370 3 14 24 47
260 2 21 31 11 13 25 42 43 44
210 7 4 49 36
100 9 14 13 48 19 36 42
360 3 27 19 41 47
60 11 9 47
460 8 11 15 39
70 3 4 7 14 29 36
380 4 6 41 33 42
150 37 33 26
160 22 26 44 48
300 11 12 47 45 46 34
340 4 27 39 49 25 26
430 4 9 23 22 6 29 28 41 48
140 21 44 18 39 49
90 21 7 29 32 48 27
170 8 36 27 41 42
160 6 9 42 35 20
220 7 40 17 20 18 29 31
20 12 20 24 47 23 36
340 21 2
290 21 23 39 15 26 5 38 47 30 41
40 29 37 39 32 48 50
290 9 2 47 41 26
40 5 23 30 7
240 6 16 17 36 34
60 19 33 36 38 3 7
210 25 43 47
400 24 33 34 11 10 15 27 5 40 48 50
130 17 30 2 42
100 29 34 46 41
40 14 20 22 29 30 3 44 50
470 26 36 7
390 6 12 16 31 24 45 29 38 21 44 50
370 25 37 24 16 9 11
130 1 6 35 9 50
470 22 9 41 39 18
10 19 41 7
480 19 38 5
300 19 27 29 31 35 13 8 12 48
440 11 23 47 21 30 36 18 6
20 1 10 20 22
40 39 41 43 36 30
50
390 8
440 29 31 40
80 9 34 35
330 45 13 12 19 31 16 18 35
120 33
90 21 25 47 49
500 27
110 1 32 40 24 16
280 37 3 31 11 19 24 40
340 47 31 43
410 9 37 12 15 23
40 4 34 11 46 19 22 14
60 4 22 33 28 23 32
270 25 12 47 18 24
310 48 11 26
40 45 4 8 42 23 25
240 41
110 34 4 14 36 50
10 4 12 9 38 36
30 21 24
440 6 20 46 27
330 12 13 37
150 13 41 39 11 16
370 8 20 9 14 27 32 50
410 14 31 6 16
430 15 38 27 36
130 21 26 37 7 24 30 32 50
240 13 42 44 48
180 2 31
260 27 33 41 50
30 4 9 25 2 37 29 10
80 8 24 13 27 34
440 13 30 5
60 12 18 3 32 40
300 3 4
240 18 26 19 44
490 9 11 22 27 31 49
120 19 26
360 23 42
170 8 34 2 9 45
440 17 23 30 42
260 16 28 39 41
90 10 49
400 36 28
70 4 16 40
500 12 21
220 10 14 6
430 15 28
70 6 37 43
490 18 30 24 27
50
410 13 24 26 34 45 48
150 48 22 38
350 21 8 16 40
230 29 23 45 14 6 46
190 31 32 47 8 12 33 35 36
420 4 16
340 10 14 19
200 3 28 25 5 23 30 9 48
310 8 22 14 29 41 49 50
20 27 7 17 34
160 28 45
180 5 26
120 1 36 43 34 27 45 46
60 4 9 37 39 7 43 36 46 50
160 18 23 29 31
460 48 3 6 29 45
460 43 10 37
360 15 19 24 35 45
70 21 35 36 7 18 30 40
340 32 39 40
80 3 19 39 47
280 9 2 24 37 46
250 4 8 15 29 40
320 33 39 22 1 18 25 40
230 8 24 38 44
130 12 40 32 1
210 10 13 49
450 8 39 37 45 11 36 47
230 4 23 15 9 40 16 35
230 8 36 19
110 5 15
430 5 26 20 49
60 24 5 50
310 13 49 10 1
390 19 48 5 29 18
340 13 19 28 30 5 14 43 38 50
480 14 17 28 39 22 46
300 25 2 36
170 14 24 28 37 21 20 45
290 26 29 3 46 23 20 19 24
350 9
200
90 13 14 17 36 48
430 46 25 47
220 4 28 16 1 39 11 18 13 46
90 40 44 22 37 4 14 45 13
20 5 44 21 28 50
220 2 16 35 43 8 1
350 34 9 32 27
450 36 33 9 14 47
50
40 48 32 47 31 37
40 47 14 21 9 17 37 30 12 48
360 21 23 41 19 25 34 35 38 43 49
110 5 8 14 47
300 4 17 42
490 45 22 30 32
130 26 37 10 14 47
370 40 4 19 14 16 47
320 2 33 47 49
130 7 39
90 44 16 30
480 26 15 2 44 17
90 37
270 2 7 8 4 38 18 46 27 48
370 12 19 32 27 21
330 11 35 8 49
360 2 5 12 49 43 19 28
170 14 28 40
100 8 15 17 24 31 3 22 39
250 38 26 35 23 43
220 2 3 15 24 50
100 19 6 31
340 3 26 20 41
230 19 21 33 34 41 42
320 46 3 35 40 31 44 49
410 7 12 20 23 48 27 46
470 15 26 33 14 49 40
170 18 38 17 35 45
130 48 38 31 42 46
410 2 11 42 6 39
340 19 22 29 1 25 38 33 34
210 1 15 6 49
60 24 27 37 9 31
420 48 24 46 31 3
200 16 20 25 41 28 3
450 42
360 2 7 33 1 13 40 47
390 14 20 28 29 31 41 3
290 30 10 19 42
190 8 25 37 27 18 41
140 3 35 38 40 23 24 45
400 30 36 39 29 24 5
100 17 45 3 20
30 11 12 25
450 6 43 41 28
20 14 25 26 34 29 49
340 1 2 7 4 9 37 8
240 1 26 29 34 14 2
350 17 27 16 9 46 25 32 3
340 21
50
310 19 8 49 41 47 20 26
310 45 12 21 48 24 30 42
130 20 15 42 34 48
430 43
60 23 28 10 14 20 22
80 21
280 25 43
210 1 32 34 21 30 42
210 26 43 36
380 5 24 33 21 16 28 27 15 11 12 36
70 41 36 10 15 29 32
400 2 25 29 10 22 17 45
410 26 20 23
380 5 30 16
180 3 10 11 33 16 37 43
300 10 14 15 37 18 25 41
260 12 49 21 18 29 33
440 16 33 19 17 23 28 37
470 1 18 20 21 34 38
380 3 1 19 5 13 25 44 49
410 2 10 17 19 23 6 8
30 12 5 44
360 5 21 18 42 13 25 27 30 44
40 10 2 40 27 29 39
210 12 7 46 23 20 16 34 36
270 9 13 40 46 1 31
310 10 37 23 24 34 29 32
400 5 10 31 18 39
350 12 27 24 36 47 17 11
160 14 23 8 2 42 33 35
310 28 48 26 47 49
380 8 27 11 39 44 38
430 10 15 18 44 38 17 47 30
210 3 8 25 27 38 19 35
80 30 43 34 44
420 11 29 25 10 9 44
330 16 27 18 15
370 33 34 32 19 41
200 32 28 42 24 50
300 24 26
410 1 11 38 16
410 3 23 30 39 43 8 2
410 9 35 42 15 4 7
490 32 33 20 36 22 48 35 23
160 2 12
160 25 26
360 1 29 33 31 48 50
150 2 31 44 47 3 49
160 1 17 48 31 20
290 47 39
50
280 40 41
410 9 48 7 6 14 17
160 24 31 14 49
50 44 13 35 41
120 34 43 10 45 28 9 41 47
430 2 39 16 8 24 30 36 44
410 2 23 10 41
280 23 6 47 19 25 31 33 42
300 2 5 48 19 44
40 5 7 21
290 49 43
180 32 44 17 40 47 43 50
270 4 26 40 23
170 3 2 31
200 44 38 42
90 6 20
230 12 39 2 27 33 26 44 45
400 43
100 9 8 45
310 16 37 48 24 25
180 10 27 40 45
330 25 33 46
260 7 8 27 47 13
480 3 20 6 48 27 49
370 22 20 36 8 47 28
190 13 27 17 37
180 17 21 23 24 26 33 35 49
60 5 25 32 39 48
60 46 39 41 44
170 6 38 50
450 3 14 40 8 37 50
340 12 28 33
480 17 8 22 32 27 50
460 5 49
490 4 27
20 25 49 6
200 20 31 26
450 15 39 30
170 6 17 38 29 28 40
180 1 12 13 31 39 47 21 43
40 1 7 5 29 4 49
30 15 8
150 5 44 12 11 40 18
120 4 12 15 43 6 17 29 9
100 5 17 21 19
120 29 22
280 8 12 23 25 40 5 49 50
290 2 9 20 24 28
440 11 34 36 41 27 24 47 3
370 47 30 12 33 31
50
60 36 12 45
60 13 20 31 50
400 38 46 16 42
310 29 36 8 13 26
210 33 37 10 41 43 26 42
70 42 41
410 47 32 50
130 4 27 29 41
250 37 11 28 31
70 5 16 48 49
210 23 16 9 24 30
90 1 26 36 29 35 19 16 28
460 27 36 17 30 2 4 15
500
360 13 49 27 18 28
50 3 11 12 10 31 18 30 37
280 13 49 18 46
110 17 16 25 15 43
270 12 40 30 28 43
250 45 39 21 2 42 26
430 20 38 30 42
350 46
90 11 31 30
360 11 45 43 33 46
190 18 29
430 12 4 5 37 20
30 8 13 15 41 34
70 12 9 15 19 48 43
400 4 12 25 8 46
20 13 19 21 16 23 11 33
390 16 23 9 2
440 7
500 5 24 30 42
160 27
220 12 36
130 1 4 12 13 35 44 47 38 45
390 5 9 26 43 16 41
50 3 21 36
210 20 44 48
320 19
110 5 27 43 6 8 37
230 6 20 3 21 5 33 49
170 5 18 24 37 41 19 28
180 36 39 48
390 20 24 36 1 49
20 3 22 29 24 17
230 7 36
270 28 39 10 44
230 15 17 45 42 10
160 7 2
0