50
100 42 9 4 12 41 29 49 8 18 23 44 47
480 7 13 12 38 36 45 11 19 9 3 15 18 27 50
430 48 22 41 40 2 43 37 33 15 17 24 27
220 1 44 22 13 15 20 24 25 29 47
320 47 26 9 14 48 27 31 11 19 25
480 12 32 9 16 20 35 45 10 17
440 2 25 9 11 21 36 37 43 46
140 41 26 39 46 1 18 19 21 31 40 42 45 50
130 1 2 5 6 10 7 27 20 22 44 48 35
430 9 43 6 19 49 15 32 35 30 50
260 2 7 22 43 33 5 45 25 17 21 27 35
70 1 2 6 47 21 49 16 20 26 33 13 19 25 31 36 42 44 45
140 2 46 33 18 36 4 26 45 19 12 20 29 35 47
30 5 37 26 31 24 20 28 32 45
310 10 23 3 2 18 4 22 26 27 47 50
190 6 12 44 25 24 19 37 42
20 6 25 11 33 3 20 35 36 41 50
370 13 15 1 41 8 2 28 37
470 2 10 13 12 41 5 45 44 16 8 38 35 47
360 6 9 12 17 27 36 14 26 13 22 4 42 23 33
380 12 32 36 8 37 7 11 28 41
360 3 4 9 11 15 20 30 41 46 31 32
450 15 20 1 48 42 29 33 35 43
360 14 16 4 42 3 27 36 49 38 37 28 35 45 47
90 7 11 16 17 5 12 4 28 35 48 49 50
410 5 8 12 13 14 20 36 15 47 31 27 42 43 49
300 5 9 20 24 2 3 15 28 11 26 43 50
440 21 24 27 29 14 18 39 31 25 35 32 43
10 1 28 44 48 31 23 4 13
460 22 10 49
450 5 14 26 28 29 42 45 12 22 8 47
320 6 10 21 28 14 22 35 36 43 46
180 3 11 12 13 17 23 46 20 35
320 47 49 41
120 6 10 28 9 25 19 32 49 11 23 33 17 13 24 50
230 2 13 20 21 24 26 45 17 41 12 32 7 48 50
260 3 14 21 24 18 7 16 43 47
280 2 19 24 39 41
500 8 28 43 38 47
380 3 42 8 45
130 1 3 8 18 19 22 36 34 21 43 17 38 49
90 1 20 23 24 31 40 48 16 12 8 26 47 49
390 3 10 11 27 39 41 26 7 23 37 32 28 45 44 46
430 4 9 16 19 29 1 43 12 45 48
20 2 6 11 13 19 31 36 43 44 40 12 49 24 8 14 50
490 8 13 22 33 43 7 32
430 5 12 26 31 34 37 1 19 42 4 24 39 13 15
10 3 5 9 23 29 42 36 44 25 49 50
230 1 10 12 24 34 35 45 26 25 48 30 42 41
150 15 2 48 25 35 27 8 10 17 36 45
50
10 27 26 43 41 36 33 29 32 3 7 8 11 31 34
310 3 27 44 24 38
20 2 17 24 16 1 46 6 13 14 20 26 29 30 39
20 48 41 18 21 25 49
160 9 14 30 41 6 19 31
70 3 41 37 24 19 5 45 25 34 38
210 28 1 8 14 17 39 42
270 7 31 46 1 27 29 9 20 48 11 42 33 18 10 25 43
320 5 8 46 45 49 28 26
260 8 27 33 26 12 28 29 36 39
170 8 34 41 22 30 1 26 29 31 36 38 39 40 45
190 10 31 32 18 20 45
100 3 41 18 14 24 34 38 40
160 5 13 3 36 7 16 25 21 24 32
210 46 32 25 50
330 3 14 32 26 29 39
460 3 7 39 19 24 31 32 40 48
150 8 12 13 46 49 43 37 4 24 25 26 28 41
500 6 17 40 32 5 33 39 28 21 46 35 27 42
230 8 12 43 3 35 24 34 41 47 49
460 14 19 4 36 45 25 38 43 49
380 11 48 24 41 49
80 28 46
460 3 6 47 31 20 2 14 13 36 27 18 17 22 40 28
500 14 41 34 15 30 21 42 6 45 26 8 18 4 40 50
480 1 10 25 11 30 9 45 3 29 16 18 38 28 34 41 43
170 1 2 8 10 24 34 19 43 31 38
300 7 9 19 23 34 18 24 26 37 40 36 10 45 33 42 30 35 41 49
330 1 8 26 44 48 45 11 16 3 10 47
30 5 11 25 26 28 37 33 40 32 3 42 43
440 8 12 24 44 47 33 17 11 1 5 27 35 37 34 36 41
90 1 12 15 16 19 30 17 14 42
380 1 8 10 19 28 30 31 34 38 45 47
10 11 25 27 28 47 13 26 1 48 6 20 45 44 31 33 49
60 19 20 31 40 44 28
340 1 14 21 24 28 44 10 11 31 41 43
350 6 18 28 30 31 46
130 26 33 11 13 21 42 6 27 2
220 17 19 10 3 7 11 16
150 19 24 28 30 35 13 11 17 43 25
420 1 4 5 6 11 13 25 43 22 26 28 20 36 18 44 31 45
310 8 25 28 38 32 19 7 44 43 30 46
310 1 18 20 27 40 41 42 36 26 30 8 45 21 49
20 2 29 31 34 35 36 41 42 49
150 6 9 21 25 26 28 29 34 43 12 11 47 33 41
360 3 8 9 15 18 19 42 37 23
150 24 31 34 45 33 48 29 20
60 4 8 22 29 34 47 17
480 9 18 28 21 43 4 20 22 44 34
140 25 15
50
50 39 42 7 24 33 36 28 47 18 37 14 5 34 20 35
490 16 40 14 9 43 41 36 4 12 21 22 31 34 37 44
200 35 41 14 48 11 38 10 7 16 23 12 15 17 28 40
240 8 16 48 34 2 32 39 44
420 1 17 13 45 7 11 18 29 49
310 43 16 13 14 22 23 29 37
40 1 3 37 25 41 24 5 12 15 9 27 40 17 21 26 38
500 4 38 47
130 2 7 40 46 35 10 19 23 31 41 42
340 3 9 20 16 32 15 22
280 3 45 5 16 18 27 29 32 43 46 48
300 7 23 30 13 3 26 15 2 14 16 27 37 43 44 49
90 5 12 6 45 43 44 48 27 15 30 36 38
250 1 2 3 31 21 43 12 17 23 6 34 22 20 32 39
190 7 12 39 38 33 41 49 34 13 10 21 3 42 27 32 35 44 50
140 2 3 4 6 10 18 11 12 27 28 44 32 19 34 50
50 5 14 29 7 3 43 34 42
40 1 16 48 11 29 5 27 40 41
360 9 31 30 16 41 29 49 26 21 23 28 32 35 40 48
190 10 24 40 14 49 21 27 42 1 48 22 30 35 37 39 43
330 14 15 20 39 19 2 40 31 36 7
320 14 10 2 33 42 6 30 49 32 20 24 25 45 50
480 3 12 14 9 33 19 27 6 46 48
180 1 7 20 22 45 26 40 50
280 7 22 39 35 29 27 33
310 12 19 28 37 24 38 48 7
260 7 13 16 18 20 23 25 12 42 31 32 36 15 11 37
190 1 16 26 37 3 19 42 32 46 48
140 17 18 19 25 38 5 43 6 42 31 11 30 32 39
370 12 19 22 29 20 45 41 47 37 13 34 40
290 14 19 21 27 29 9 2 33 43 46
500 10 16 22 27 29 19 36 37 15 4 14 11 28 38 42 41
310 1 15 22 23 31 25 38 42 34 35 41 44 49
70 1 4 14 15 2 17 16 30 33 39 42 49
140 3 9 25 1 19 20 33 15 37 40
280 1 2 21 27 32 40 13 39 41 48
170 1 7 26 28 30 32 39 6 12 45 20 27 49 35 2 40 47
270 3 15 26 29 32 33 7 45 13 8 39 47
260 1 15 21 25 36 37 38 20 42 29 48 43 14 34 4 41
340 2 7 9 20 21 36 24 37 35 3 30 18 19 44 47
420 2 3 7 15 19 30 39 9 46 32 18 36 33 49
40 1 15 20 22 27 28 29 32 33 39 17 9 43 34
250 2 6 13 14 17 29 31 39 42 44 20 11 12
110 13 16 43 12 2 4 40 33 15 48
230 5 11 13 24 30 37 38 48 22 49
230 9 31 41 23 28 11 49
100 1 30 40 37 38 8 49
460 3 4 13 18 20 26 39 45 36 19 11 44 23 28
70 15 19 20 22 37 47 33 34 5 41 46 12 45
300 15 22 24 16
50
280 38 47 4 5 10 11 30
60 11 39 48 26 36 34 10 41 40 4 30 3 18 42 44 45
480 28 42 37 2 11 17 35 26 30 39 4 5 10 20 47
440 2 3 29 37 1 19 7 10 12 18 32 39
120 3 46 15 24 42 1 8 12 20 26
410 44 31 38 25 26 40 48
390 15 4 30 10 13 16 17 23 33
330 40 5 49 22 31 34 15 20 28 32 42
310 31 47 30 41 37 40 20 10 42 44 48 49
160 2 1 24 9 41 48 7 28 3 4 37 21 46
50 2 3 1 28 38 47 26 33 14 15 39 42
410 48 4 17 31 26 22 38 5 35 41 16 32 39 49
420 7 25 16 21 38 44
360 40 19 11 20 25 26 32 42 48
350 5 7 16 22 8 26 34 11 40 41
40 12 15 13 35 7 25 18 34 36 39
330 3 12 36 34 7 47 38 29 35 37 40 42
380 34 2 4 19 43 49 16 28 38 40
370 4 14 18 35 43 45
250 9 14 42 32 41 8 37 3 49 44 30 5 36 21 39 47 50
310 10 28 49 20 13 30 41 25 27 42 43 44
490 8 12 15 23 49 29 36
80 22 7 46 43 38 32 40 47 48
390 5 10 27 35 34 48 28 40 43
70 6 13 14 16 21 31 34 38 29 33 39 42 46 48
130 2 3 11 12 15 14 6 5 35 47 27 48 49
190 21 24 29 26 35 42
380 3 10 11 18 21 24 46 8 40
190 4 27 25 30 47 17 49 22 40 48
440 2 3 7 9 20 21 29 1 32 33 35 36 39 46
390 6 8 9 12 25 39 36 33 35 40
320 20 30 14 45 4 23 12 8 34 35 46 48
220 11 30 25 40 48 31 7 43 44 49
180 2 8 15 17 18 24 25 32 41 49 43 40 44 16 39 46 47 48 50
280 3 12 16 24 26 30 17 31 19 27 32 49 46 47
320 2 17 20 30 31 44 43 16 22 42 46
400 3 4 9 10 20 17 38 44 48
360 1 6 11 12 17 23 25 18 13 37 40 42 46 48
20 2 3 31 16 43 30 20 25 12 4 11 34
270 2 8 9 14 33 34 38 31 15 44 29 23 24 6 18 17 28 48
120 2 9 10 12 20 21 34 43 47 15
200 3 5 20 11 9 21 27 36 38 25 47 17 46 44 45 2 43 8 14
320 18 23 33 34 36 39 41 42 21 47 24 19
450 6 20 34 36 40 42 21 37 49 2 33 9 13 47
90 32 42 2 19 46 49
120 5 23 28 42 10 38 34 25 35 36 45 30 32 50
160 1 9 11 17 26 29 41 42 43 20 23 34 35 44 3
60 2 10 12 24 33 25 26 6 34 37 14 32 23 9 38 40 29 50
170 8 18 20 21 22 29 34 35 44 33 26 9 45 12
120 20 46 48 34
50
320 27 48 5 6 20 22 25
130 35 3 34 25 23 11 42 37 26 7 14 17 22 36 40 50
90 2 42 6 10 14 18 25 31 35 48
240 13 12 44 11 15 45 21 6 14 20 24 37
300 49 1 13 24 28 31 42 48
190 35 20 13 1 3 24 4 31 10 19 21 27 28 29 32
190 35 43 8 40 44 2 42 23 33 13 10 17 20 24 48
90 7 17 18 16 26 44 22 42
20 13 22 26 48 50
250 33 38 40 7 24 6 34 3 15 13 29 30 35 16 23 20 17 12 21 36
150 2 4 27 32 47 15 20 28 43 49
100 4 28 10 13 17 29 33 47 48
100 4 6 7 10 5 18 9 12 46 17 30 44 47 49
110 24 3 4 2 29 40 42 15 28 31 35
310 4 10 11 20 14 41 37 23 25 29 33 35 36 48 50
90 8 10 26 31 35 41
230 8 10 30 7 2 13 12 25 21 20 40 19 29 50
500 8 13 26 43 42 3 31 50
140 30 17 6 35 43
160 6 10 15 17 1 4 7 11 44 38 49 43 47 48
280 4 17 10 25 37 6 31 32 42
470 9 1 25 47 8 35 2 24 50
260 2 7 10 15 31 36 42 50
300 6 10 14 28 5 22 7 4 32 33
190 2 17 21 22 36 45 3 33 1 15 28 42 30
360 2 8 18 9 34 33 16 28 32 35 49
210 1 11 39 6 47 34 35
30 12 24 25 36 26 14 48 38 6 11 32 5 41 42
400 10 14 48 17 47 12 32 6 31 15 44
20 10 17 19 13 47 41 25 31 37
380 6 21 29 5 23 30 18 14 43 16 3 40 48
430 11 28 29 33 21 6 26 46 24
130 7 10 25 26 32 12 47 15 24 34
490 2 10 26 49 27 47 45 33
440 2 6 7 10 22 14 26 15 38 16 27 43 19 3
320 25 28 23 15 47 2 10 45 37 48
20 2 15 21 36 43 4 30 38 41 47 48 49
500 10 20 28 35 37
230 27 43 44 45
140 7 10 14 17 2 49 42 31 45
130 15 30 37 28 16
330 2 3 7 14 18 25 40 47 5 44 21 28 48 23 43 8
350 7 18 31 35 37 42 11 39 44 20 19 47 49
40 4 7 8 20 42 43 29 39 13 49 48
290 4 25 34 36 40 39 48
10 13 32 47
360 11 22 27 29 30 33 34 36 42 43 13 48 12 46 20 37
370 1 28 29 42 47 5 31 36 45 37 15 3 9 44 7 12 20
450 5 20 34 40 44 37 43 11 13 26
80 23 2 17 22 18 9 15
50
40 38 18 4 9 6 3 25 10 11 22 30
440 30 12 31 25 21 36 19 22 41 34 35 5 4 6 16 38 40 42
20 1 9 30 46 26 48 49
120 1 9 33 37 22 18 15 2 5 13 17 34 35 36
190 2 4 28 37 9 30 35 39
300 1 38 36 49 10 30 2 23 7 27 45
300 47 36 19 42 22 6 10 43 8 9 13 23 31 41
120 7 32 22 13 21 25 28 37 38 40 43 46
380 1 3 4 38 15 48 43 40 11 7 30 5 12
20 6 7 1 33 13 21 28
140 9 45 41 28 16 48 1 31 23 33
330 2 9 21 30 39 44
350 7 17 46 4 32 44 10 20 8 25 30 34 48
370 36 46 48 21 27 32 40 42 44
180 4 9 43 20 45 31 39
130 11 35 44 20 2 21 49 38 45
270 13 27 4 32 23 25 26 29 33
200 1 4 19 27 49
250 2 7 41 18 35 27
300 13 15 16 43 44 36 49
310 2 12 16 14 32 37 41 28 10 22 8 27 34 43 45 49
440 2 4 7 8 21 29 44 47 41 1 30 46
120 6 17 36 40 7 11 34 32 39 43 44
40 45 27 31 39 44
300 1 2 13 37 8 17 32 34 38 47
140 17 3 28 31
380 17 24 19 37 14 36 18 6 33 21 29 42 28 30
330 5 11 21 26 27 10 46 8 32 48
350 22 27 17 34 44
90 2 3 6 9 27 22 5 31 13 12 1 38 49 34 40 43
190 2 11 30 39 7 26 40 47 24 15 42 38 46
280 8 13 17 21 28 39 25 23 40 14 46 38 41 43 50
220 4 10 27 44 11 17 46 34 43 42 45 49 50
60 2 23 30 33 35 29 21 13 43 4 42 25 39
10 2 16 19 34 5 42 4 49
240 2 6 7 14 23 27 20 37 48 41 4 40 44
10 4 5 21 25 27 36 42 8 38
110 1 6 9 30 37 32 2 8 44 25 16 31
320 31 32 24 15 5 23 34 48 12
20 9 23 30 31 32 14 36 8 2 48
280 2 11 19 21 22 36 48 7 32 47
340 7 27 31 34 35 37 33 2 14 50
390 7 9 15 20 33 34 32 30 8 21 23 48
400 13 16 20 22 33 38 24 29 23 12 46 14 36 50
60 11 15 24 16 33 49 6 21
150 3 13 14 28 32 33 44 8 31 22
80 7 22 31 41 25 49
470 9 11 14 36 39 41 13 40 43 28 3 50
80 6 16 30 45 47 20 18 21 3 35 33
20 32 44 33 42 48
50
90 32 8 35 39 25 49 4 6 21 24 41 43
90 37 3 19 23 43 46 17 4 33 48
310 2 15 41 13 14 37 34 38 31 26 32 18 35 40 45 47
270 1 2 44 35 24 20 10 14 30 5 19 26
320 4 33 42 22 12 11 13 26 32
380 33 1 10 22 27 45 50
310 42 40 20 44 37 22 34 50
250 1 36 41 26 19 45 25 31 15 17 23 29 38 46 47
50 27 32 33 31 20 34 43
30 4 47 14 6 35 45 21 31 19 24 32 43 46 49
350 24 37 33 38 5 12 17 25 35 40
370 5 11 25 40 49 28 44 16 20 39 41 46
360 3 35 45 17 5 43 23 28 24 27 47
70 3 4 10 48 17 20 27
460 3 8 22 38 31 36 43 45 46 47
60 30 37 12 28
100 2 8 13 38 37 42 11 34 20 14 18 22 32 39 43 45
230 3 17 44 19 27 29 24 31 33 47
430 2 8 18 10 43 4 42 25 38 45 50
500 4 7 17 21 43 12 9 14 37 29 31 40 41
20 10 20 35 1 44 39 24 41 43 46 47
380 5 15 17 6 7 26 32 40 42 45 50
380 2 8 13 26 36 47
250 4 11 21 32 26 13 34 30 1 10 18 25 33 35 36 39 43 47
140 1 8 12 19 24 26 11 40 30 36 46
380 3 8 22 23 24 25 5 40 38 37 4 44 34 46 47
150 9 18 6 14 29 37 49 43 28 13 32 36 39 40 41 46 50
410 12 13 27 16 30 38 39 44
380 18 20 27 8 40 45 31 32 33 37
150 4 16 24 35 34 28 25 44 46 47
350 3 8 9 10 15 20 18 32 29 36 43
490 1 3 9 24 31 29 39 43 47 44 27 22 17 5 10 42 49 50
160 2 5 6 9 11 18 29 24 38 47 35 36 37 42 45
480 3 17 24 30 38 26 48 35 9 7 40
190 1 4 10 13 21 30 33 34 3 24 11 41 40 46
350 8 33 27 23 15 24 31 25 38
360 2 3 7 11 16 17 20 26 27 33 49 29 44 46
220 3 11 15 17 26 33 34 36 8 28 46 19 39 41 42 43 44
200 1 21 32 38 24 49 43 27 17 12 28
80 7 12 25 26 29 35 27 34 20 22 3 46 11
400 3 8 35 21 38 47 1 20 12 46 27
340 5 7 17 19 32 33 22 38 45
70 2 13 19 20 27 32 39 24 9 21 10 44 17 1 38 15 31
290 4 7 12 18 21 26 32 43 30 37 38 28
400 8 10 13 29 33 22 49 17 3 42 19 15 6 50
40 2 38 40 41 21 15 27 8 26 12 10 30 37 35 25 47 49
240 10 32 33 41 24 46 23 18 30 15 26 8 3 21 13 50
390 14 34 2 49
90 1 12 27 37 39 45 48 10 46 32
440 19 6 27 45 32 47 22 7
50
320 25 23 19 32 20 11 14 38 45 47
280 41 5 42 29 37 45 19 23 26 44
220 38 43 17 16 44 37 26 19 35 25 28
460 23 13 16 12 6 27 33 38 44 46 49
260 2 31 16 6 23 35 38
120 4 5 31 11 39 40 37 15 42 34 14 24
300 36 38 16 30 32 34 33 10 17 18 23 24 42 44 49
70 43 35 10 28 20 29 47 50
270 28 43 44 17 10 11 12 13 16 29 31 45
220 7 8 9 38 23 33 39 18 25 32 37 42 43
170 6 35 17 1 9 13 12 24 25 29 31 34 42 48
70 4 9 11 47 40 28 19 14 31 37 41 44
480 4 11 41 29 38 17 20 27 14 37 19 9 24 32 39 43 44 46
360 13 29 1 12 21 27 6 41 26 35 45
390 6 20 25 38 40 23 44
90 3 4 5 7 35 25 30 9 17 18 19 29 36 44 47
310 3 9 11 13 42 16 43 7 45 30 21 25 33 40
470 35 30 47 7 26 10 16 33 46 24
140 1 3 12 13 16 38 47 36 2 42 44 48
300 1 13 15 40 8 26 27 35 37 42 44 49
70 14 24 34 35 42 17 37 39 40
240 26 30 36 41 44 48
220 1 4 10 7 41 29 5 24 2 31 15 25 33 44 47
130 21 23 18 37 39 44 42 38 13 40 45 6 11 7 46
410 1 3 15 16 10 17 27 36 23 11 26 35 41 48 49
50 3 18 20 14 22 2 25 29 43 30 46 48
190 13 14 25 31 20 34 4 30
200 3 8 9 12 41 43 37 45
370 2 13 14 23 26 39 9 16 11 8 31 33 44 45
20 7 16 17 18 40 26 22 27 46 42
300 5 6 23 27 29 40 47 12 32 11 9 33
380 1 7 31 34 10 13 36 38 41 46
260 7 10 18 29 23 17 4 31 38 42 44 45 47
340 6 7 21 27 32 11 41
70 3 8 11 16 18 21 49 20 25 5 14 45 47
280 7 19 25 42 32 22 16 38 41 43 45
420 2 3 6 13 24 44 21 20 28 10 12 38 39 46
110 3 7 10 13 15 19 24 37 32 1 33 42 45 36 5 4
390 6 10 24 29 37 43 48 13 21
60 6 12 15 20 24 30 31 21 17
270 2 13 14 23 28 36 25 46 34 22 32 12
100 2 6 17 21 24 36 38 10 20 19 33 11 30 46 7 43
290 3 8 9 17 26 28 39 42 10 13 36 44 49
340 3 9 24 37 43 15 16 22 7 33 19 4 12 20 49 13 2 23 29
260 2 17 24 38 33 28 29 35 36 9 1 14 48
400 18 30 41 42 47 49 4 37 13 26 24 32 48
240 12 18 19 31 46 49 8 23 35 33 1 16
200 39 46 25 26 11 19 22 45
310 35 44 46 47 4 7 25 43 20
340 8
50
340 45 34 4 13 17 44 9 12 15 16 29
110 28 17 29 11 33 14 13 16 18 44 47
210 9 26 47 44 27 42 25 41 43
110 1 8 12 17 20 42 47
60 47 13 11 15 40 42 43 44
280 7 9 21 25 30 31 44 49 50
450 34 12 23 8 44 15 38 29 24 35 32 48 40 9 13 28 6 16 17 42 45 50
70 7 4 45 14 24 33 13 20 23 46 36 37 42 12 16 43 50
200 3 7 34 6 1 24 46 30 43 44 50
200 32 34 17 38 39 45 47 50
310 2 35 32 5 41 48 38 21 31 33
320 7 18 29 31 35 4 8 48 1 16 21
240 1 5 7 8 31 38 2 14 29 39 45 47 50
500 2 8 35 13 28 21 43 36 38 45
360 7 5 23 1 47 46 29 16 37 45
330 2 21 1 8 46 40 15 34 31 18 7 12 20 35 44
50 1 2 10 49 40 24 48 4 22 7 18 39 42
480 12 16 26 38 24 27 37 34 17 2 19 49 35 44 23 31 45
170 18 31 48 30 39
500 8 16 21 45 43 25 4 31 38 42 47
290 14 16 20 33 46 35 40 11 48 6 12 30 47
170 17 24 39 25 37 45 46
390 7 8 15 40 18 29 42 44 47
370 7 8 9 17 18 22 39 31 40 41 43 45 48
230 20 43 6 45 3 33 36 49 22 34 35 46
50 3 18 29 33 48
430 3 18 39 35 38 44
110 2 7 14 45 38 31 36 44
470 2 7 12 15 26 42 40 23 13 49 1 39
420 19 21 6 33 46 41 31 9 40 44 47
380 12 13 16 19 24 28 30 6 18 11 42 43 39 20
60 7 10 11 35
280 2 8 21 25 30 46 40 26 45 41 11 35 44
80 1 7 9 10 16 18 49 25 40 48
460 7 11 12 14 18 21 33 27 32 16 25 42 45
40 8 14 25 28 44
370 8 18 15 22
330 7 10 11 13 18 28 14 27 39 20 40 47 50
330 10 22 24 27 31 38 17 13 43 19 29 48 41 40 45
480 7 16 17 21 23 29 33 24 39 38 5 34 30 45
420 11 30 33 39 24 3 44
30 3 8 29 31 35 5 17 7 4 20 43 23 47
70 14 20 25 31 39 42 5 3 24 44 8 9
180 1 3 7 18 43 48 16 6 2 36 41 23 28 9 33 5 27 30 50
160 1 8 20 25 28 33 40 10 18 7 35 22 49 13 24 14 15 39 48
60 8 9 15 16 21 30 33 22 25 48
110 3 5 15 30 13 4 10 21 2 23 42 38 20
450 7 11 12 17 19 21 39 44 45 46 49 34 24 26
110 17 18 25 29 34 45 48 6
440 9 10 38 6 13 44 7 8
50
60 14 37 45 8 9 10 15 23 24 27 36 42 49
40 40 28 16 46 3 6 8 18 20 38
30 36 17 11 45 20 19 42 44 5 2 26 8 4 33 34 47
350 3 5 26 28
340 3 46 4 24 31 18 25 27
280 46 7 2 25 27 38 9 14 24 31 32 40 49
340 6 18 43 25 11 9 49
240 3 48 1 19 43 49 47 2 10 20 27 39 40
210 1 47 7 37 6 23 18 19 27 35 40 44 48
140 37 12 8 38 1 16 41 14 42
400 3 7 13 27 42 18 48 25 12 17 19 30 47
440 10 11 30 27 32 49 31 35 38 42 44 48 50
100 11 28 35 32 36 25 37 47 15 34 43 44
140 1 45 34 36 37 25 46 6 10 39 44
260 46 13 18 23 28 1 19 25 45 16 21 31
210 2 10 15 45 23 17 47 19 27 36 38 42
330 3 16 23 38 30 11 45 48 49
100 7 11 15 9 43 23 19 5 2 36 22 35
220 3 8 15 18 9 30 16 11 21 24 43 48
410 3 2 21 8 37 27 35 38 40 42 46
60 20 40 15 34 19 39 27 36 38
490 18 27 38 40 44 47 49
180 9 15 16 17 18 1 31 47 48 50
150 5 49 6 36 19 31 1 47 38 32 45 48
190 6 7 11 13 14 15 44 35 43 36 5 33 38
250 3 28 36 4 33 37
40 6 11 12 22 5 20 1 21 8 9 16 35 36 38 39 46
430 2 13 15 26 38 4 32 48 29 47 30 40 43
310 28 32 39 41
210 12 17 19 28 43 11
340 5 12 23 24 15 39 40 6 42
450 12 13 28 29 6 42 24 43 46 47
260 43 49 48 25 41 3 26 39
370 14 21 41 3 13 44 49
450 12 13 25 20 48 27 43 9 18 44
290 3 13 14 18 24 25 26 27 21 1 16 41 48
210 1 9 10 13 14 20 26 48 42 49
390 6 10 17 24 28 21 27 12 16 43 25 22 2 20 49 40 45 48
110 21 31 8 14 33 29 47 27 40 49
80 2 21 31 39 28 20 6 22 38 8 9
170 10 33 34 36 29 48
390 3 11 32 10 37 16 20 1 31 12 48 49
30 7 8 18 25 30 33 35 38 45 13 28 19 32 48 49
140 3 25 34 9 13 12 22 14 35
170 1 3 14 15 16 43 17 38 24 49
180 2 5 6 14 15 20 27 32 48 50
340 8 9 13 16 24 28 39 23 3 22 11 32
260 8 11 28 33 35 37 43 19 9 36 17 42 24 23 41 46 12 38
30 8 12 24 33 38 6 34 45 42 37 39 43 1 22 17 7
290 12 46 23
0