40
340 4 40
310 34 11 18
100 36 24 7 11 22
270 1 17 39 6 37
130
220 4 36
10 33 3 13 12
160 11 9 25 37
70 8 38 15 27
240 18 17 26
270 2 8 3 40
270 20 26 31 36 7 15 28
310 7 38 39 25 30
100 19 29 37
210 9 36 12 25 39
130 27 22
250 4 10 38 36 22 31
140 10 37 2
90 14 25 26
80 12 28
60 39 26
170 17 16 38 3
300 35 39 38
330 3 34
160 8 15 19 13 27 30
250 12 21 10 19 32
130 9 16 25 39
220 20 12 33
140 14 36
60 13 25
30 12 17
90 26 33 35 36 39
290 7 28 32 38
200 2 24
390 23 32
290 3 12 15 17 29 32 6 38
170 18 14 8 4 38
270 9 13 17 22 37 33 36 23
180 4 13 15 21 23 27 32
220 1 11
40
20 31 37 14 39
390 17 30 33 14 19 22 28 35
180 6 7 16 21
70 27 25 37 33 40
10 28 8 13 38
30 7 3 9
160 6 38 3 36 9 13
190 23 14 11 5 26 40
90 7 13 6 26 28 30 34 37
350 22 38 20 29 34
20 8 31 39 25 26
340 25
330 9 16 7 5
170 8 2 34 1 30 21
120 23 18
100 13 24 3
400 2 31 28
290 15 24 40
130 2 34
240 10 27
90 14 37 3 30 35 39
260 10 23 31 27 25 2 38
110 8 15 22 38 35
350 16 18 33 37
270 4 12 22 29 11 26
70 8 25 35 28 9 11
390 4 22 20 39
270 5 26 17 2 9 34
70 25 37 10 30
100 2 14 29 21 9
340 1 11 17 22
400 33
240 2 32 4 24 38
240 14 19 28 10 9
340 26 2 21 23 37
280 7 39
70 1 4 21 29 35 24 38 9 39
250 7 10 23 33 37 5 22
350 11 27 36 37 1 21
300 18 4 8
40
110 39 21
110 24 6 10 23 8 15 35 39
40 14 23 31
210 12 15 40
120 33 25 17 26 16 23 32
170 2 33 8 19
70
290 20 21 25 2 6 30 32
220 14 20 31 27
320 2 21
210 34 23 12 13
140 4 11 24
210 24 11 14 35
110 3 9 13 34 17 31 37
150 4 37 2
380 5
330 5 30 14 24 27 28
80 25 37
340 20 6 27 30 40
300 8 9 19
100 1 8 33 35 10
120 31 34
230 2 11 5 3 27 31 34 39
10 2 12 13 17
340 5 8 18 26 32
170 5 25 34
210 19 23 9 17
200 39 17 30
300 35
140 17 19 28 8
50 9 22 14 23 3
140 25 5 8 35
50 5 6 21
110 11 14 26 23 22 38 39
110 21 29 36 32 13 2 39
240 35 37 40
260 15 36 18 14
150 34
360 1 28 35 34 23 2
80 4 19 36
0