300
110 42 83 61 129 171 89 115 256 254 19 109 101 108 123 150 157 161 211 251
2060 47 84 92 137 148 184 217 220 258 265
1440 64 46 259 48 70 154 161 217 27 87 106 130 150 189 228 237 272
2790 111 283 173 41 128 187 230 144 263 254 61 21 81 82 87 88 158 206 218 269
1480 21 151 46 265 35 167 276 161 91 245 19 92 102 169 201 205 289
2930 102 296 162 17 236 44 98 108 123 175 240 241 246 247 251 278
340 73 36 216 145 226 15 34 39 75 78 119 158 165 250 265
1360 266 57 230 134 217 263 176 18 65 277 53 104 264 115 269 267 27 44 20 173 12 95 118 120 206 234 248 270 287 288
2700 193 61 93 91 144 225 10 36 43 57 75 104 165 179 180 197 216 270 280 281 291
2990 176 195 14 9 200 290 23 30 37 70 124 154 164 193 222 236 239 280 300
2170 159 134 118 239 91 205 208 28 67 73 90 120 124 175 214 240 280
1980 8 68 115 187 185 16 30 34 40 99 147 163 166 176 234 290
2500 279 283 27 208 215 219 197 21 55 69 106 164 204 213 257 298 299
960 10 281 174 84 53 18 293 221 191 212 274 44 48 59 69 101 130 190 232 236 246 253 275
2310 148 249 195 7 139 17 65 129 210 299
240 249 181 107 130 53 241 157 152 191 12 233 197 252 21 52 74 288
1000 6 240 15 98 44 66 147 230 299
1450 8 14 222 284 252 205 43 107 72 241 51 99 176 203 216 273
310 1 22 175 202 63 79 199 148 228 103 129 194 73 5 240 260 93 179 113 145 257 273 281 299
1430 8 70 133 44 45 66 90 110 112 114 123 144 193 289
800 5 13 285 96 4 103 248 202 54 16 280 139 133 40 91 194 232 107 45 89 131 146 175 201 209 219 231 286 291
990 19 43 102 124 128 143 161 167 176 195 198 272 273 299
2520 10 214 40 80 83 90 102 162 198 199 204 235 270 288 290
1960 163 131 54 174 26 50 81 83 101 169 182 224 229 286
2750 105 186 264
100 24 286 299 43 81 93 101 108 111 113 143 153 173 216 261 270
2660 8 13 158 235 140 169 3 187 101 37 98 173 277 157 132 90 185 197 275 289
2630 40 281 72 60 11 252 43 59 175 256 293 298 191 148 74 164 201 222 233
920 174 204 30 77 159 186 238 247 256 292
2100 29 12 132 194 244 10 297 45 79 184 232 63 92 102 105 108 139 153 180 238
2990 89 161 287 88 54 151 196 233 283 197 62 293 58 70 37 47 69 101 120 160 166 173 190 278
1140 51 67 87 124 215 216 232 239 278
2170 199 262 125 244 114 136 197 261 280 299
1380 284 232 148 217 60 266 12 254 7 59 259 51 107 175 201 276 292
550 5 204 165 53 61 65 72 93 161 168 188 206 256 269
2400 7 9 110 153 106 156 185 94 98 101 255
880 27 132 199 184 229 269 275 103 31 121 195 211 233 10 122 69 95 186 190 201 287 293
2420 72 90 107 116 137 173 175 201
1370 234 206 136 272 7 44 52 55 71 94 168 197 205 277 292
2350 21 28 12 55 23 270 233 54 58 266 47 121 133 173 238 269 272
450 4 146 288 182 81 97 101 111 150 165 233 251
830 1 57 288 212 131 116 83 100 103 158 189 205
1390 18 22 28 146 191 233 234 284 81 74 53 124 272 9 26 257 128 164 69 80 102 166 240 292
2010 8 136 20 63 14 274 74 17 218 99 235 247 287 222 64 6 143 128 161 39 231 108 117 163 206 217 219 282
90 30 158 254 198 98 54 269 122 136 290 21 146 20 82 91 140
1870 3 5 145 125 51 198 207 219 295
1770 2 245 153 56 290 233 40 31 299 253 49 51 77 81 91 93 97 186 204 262
2530 3 126 138 298 181 228 86 64 253 61 262 299 170 60 151 14 52 65 152 155 201 251 290
1910 47 271 69 136 143 159 177 218 231 248 252 299
1230 24 207 59 88 63 95 70 85 120 163 172 188 190 255 262
1660 221 34 32 119 225 233 47 245 241 128 194 206 18 295 108 46 86 69 87 229 297
1050 170 16 245 48 72 230 276 264 39 86 114 142 147 158 166 217 242 258 278
230 8 14 16 43 119 96 35 170 156 63 242 90 125 126 189 218 252
750 21 24 31 40 45 135 198 95 147 187 270
710 40 258 255 149 87 286 39 220 181 270 278 13 134 216 241 159 85 116 125 131 230 244 283
1170 47 277 179 184 187 203 231
600 8 42 182 232 256 114 139 267 9 174 266 171 83 297 59 240 108 147 188 189 224 230 246
20 31 40 219 212 283 223 89 62 96 110 145 147 163 229 237
2610 28 34 50 57 14 216 155 172 192 224 229 273 275 291
1590 28 34 48 174 90 182 226 99 83 101 106 134 149 205 211 278 293
900 1 4 9 48 181 129 130 176 245 180 98 255 35 208 67 78 80 85 110 153 157 172 193 219 249 292
2700 31 96 136 290 58 285 249 83 92 108 135 163 169 187 216 237
360 19 44 50 53 30 110 227 223 175 68 91 101 153 230 300
2790 3 44 48 270 147 195 87 131 144 81 268 237 235 153 202 66 107 170 201
2910 8 183 107 48 297 15 106 144 145 158 109 242 35 155 172 180 198
2570 64 199 273 171 157 136 159 217 141 116 113 239 17 248 20 281 71 150 176 240
2690 134 107 229 230 61 208 103 102 32 190 292 11 219 205 297 70
940 12 120 221 63 273 299 134 146 155 161 171 188 247 264
1470 37 49 51 89 205 31 235 289 13 271 14 87 167 154 203 43 281 124 125 157 204 215 219 283
1220 3 20 31 50 87 201 193 124 107 143 123 89 239 73 272 67 83 282 10 209 215 85 205 269
2770 86 273 66 39 89 79 178 112 88 114 146 153 208 219 297
760 18 28 52 35 260 84 186 38 249 293 90 176 99 165 184 218 264 292
310 7 19 70 144 269 11 134 102 163 116 162 79 82 236 277
250 43 44 294 179 93 28 16 132 168 176 196 197 219 232 235 272 296 299
340 145 206 164 146 156 7 9 152 161 224 274 291
110 140 209 139 98 173 168 143 157 193 229
100 47 156 174 29 94 200 80 99 186
1820 125 7 276 250 79 284 266 61 176 200 211 235 292
2870 19 30 71 78 110 91 260 188 73 208 151 189 190 184 88 111 268 299 300
1600 61 23 218 43 273 77 208 204 220 227 275 300
2500 43 64 41 229 4 47 159 139 253 26 88 24 127 138 144 154 187 230 231 257
280 45 4 199 107 73 258 125 279 84 106 108 134 170 196 262 273 276
2630 1 57 70 264 289 163 24 60 250 216 42 23 62 101 252 290
1740 14 72 94 180 188 91 224 154 211 255 221 299 2 204 82 104 113 293
70 55 98 247 231 212 170 133 272 70 166 50 61 111 114 138 147 171 178 180 223 240 248 281 293
430 48 51 71 52 282 114 220 210 174 138 169 211 214 266 269
1360 55 64 69 70 174 258 196 32 181 3 210 51 88 201 157 198 204 4 110 91 101 137 156 170 222 229
2170 31 50 81 87 127 99 71 4 135 111 173 221 262 79 122 196 288 289
1490 1 31 58 69 70 71 21 98 242 186 100 102 116 135 166
2900 53 60 72 23 194 173 27 278 38 11 20 102 106 299
60 5 9 11 21 79 84 190 45 296 111 47 103 232 276 63 99 87 110 259 163 172 262 268 293
2070 282 2 179 130 98 5 107 137 62 30 143 233 139 185 205 224 281
870 9 19 74 35 176 259 184 47 151 263 26 265 134 150 157 247 266
1730 77 84 39 190 171 266 141 36 283 165 98 114 144 238 265
2770 50 201 126 254 145 267 37 8 54 259 209 211 133 155 176 186 239
1500 21 53 62 231 119 153 207 158 236 58 147 172 222 105 214 198 143 150 155 194 286 288
2330 215 234 236 296 47 41 101 176 194 199 247 249 298
2330 17 27 45 61 76 85 89 92 159 99 142 297 282 238 94 36 6 106 120 146 299
260 44 60 88 91 98 12 155 187 106 77 18 185 214 201 274 72 154 157 203 215 234 262 278
260 89 192 42 226 212 152 202 245 174 177 101 153 168 181 198 298
540 27 97 128 31 213 219 173 185 26 63 100 36 298 83 249 155 87 145 60 14 1 102 24 41 181 182 188 201 220 227 243 250 261 281
2450 6 67 73 101 218 153 22 89 30 23 5 43 164 125 113 90 194 162 111 139 217 239 248 269
410 19 21 37 67 91 259 166 173 161 235 42 134 147 295
120 8 251 187 236 152 245 128 119 255 9 84 191 120 189 194 238 266 282
1680 25 96 194 238 30 248 128 135 144 149 180 198 269
1550 36 65 99 168 142 203 13 60 110 154 122 287 139 237 82 90 98 148 3 161 177 218 272
1630 16 18 21 65 67 70 82 92 64 169 121 262 283 289 34 38 281 180 233 238 266 292
1120 51 214 225 194 215 62 1 26 82 57 149 30 240 6 44 231 111 131 281 283
500 1 65 190 208 123 114 188 189 205 224 236
860 36 63 79 87 91 106 266 135 58 132 20 260 61 188 211 276 213 118 122 150 156 161 162 167 193 210 218 268
1880 4 88 91 168 79 114 249 250 204 191 41 177 282 211 227 26 178 292 102 85 108 136 280 290
1120 71 20 273
210 66 102 19 262 115 114 237 84 26 207 206
1760 57 86 111 113 250 264 33 256 71 52 94 146 230 228 153 85 120 109 118 277 20 177 237 244 257 273 280
1010 1 8 12 113 159 219 228 265 288
70 42 66 73 55 280 89 134 219 154 38 122 265 291
1510 190 143 44 257 226 186 195 269
960 11 114 127 121 150 8 237 110 281 125 136 153 158 167
2390 51 53 96 104 141 257 171 261 7 212 154 134 195 239 295
410 68 114 31 104 8 230 11 98 216 50 146 198 223 291 299
720 37 107 118 40 249 132 201 219 266 295
320 37 45 106 192 110 263 88 116 164 165 166 167 181 220 224 244 290
1960 70 109 20 255 253 1 200 251 6 276 262 171 158 182 199 269 286
2820 43 70 32 137 22 277 69 223 11 268 10 140 186 214 227 273 288
1790 33 46 78 82 102 69 176 165 55 53 275 118 128 148 185 218 224 282
2070 48 95 193 260 53 196 206 223 251
80 88 118 175 81 177 185 264 296
2680 4 43 44 51 101 104 105 227 125 22 239 136 147 215 248
1420 1 19 61 293 205 263 236 241 188 15 135 229 257
1220 16 61 92 291 14 3 227 157 220 248 269 278
2320 24 42 64 55 213 141 245 275 108 21 163 199 254 156 176 177 218 248 276
1210 27 30 37 110 74 121 134 160 167 238 254 267 278
2290 20 21 85 40 250 168 189 155 95 182 262
930 8 11 55 67 68 73 93 116 280 190 60 197 132 103 82 153 119 221 173 157 163 192 195 219 232 241 278
1080 54 88 110 62 169 167 89 105 236 129 153 182 217 248 255 298
1350 39 44 45 62 66 141 111 118 128 201 33 171 49 153 264 298 300
660 92 124 206 219 38 240 2 277 87 199 262 193 231 267 272 280 290
1590 48 251 224 203 81 86 85 153 198
940 15 21 57 76 81 106 156 209 211 217 245 30 102 92 181 284
1140 27 76 187 264 45 124 188 210 146 153 199 240 271
1630 66 94 119 131 136 251 171 230 236 238 264 265 277 278 290
1380 98 106 250 159 200 220 227 52 171 172 193 204 248 258 259 290
2020 44 70 92 117 96 22 49 76 26 173 181 193
2180 4 9 64 65 73 269 200 20 296 94 256 105 81 158 241
170 7 46 65 75 95 101 58 19 263 153 186 198 206 245 249 270
1750 41 43 45 75 114 156 71 140 68 243 239 98 120 21 169 171 280
1000 64 96 156 148 57 52 12 103 85 17 254 58 128 54 226 201 283 286 300
1460 15 19 28 34 106 147 125 180 219 250 278 215 222 2 261 209 166
2350 55 108 60 105 192 161 165 180 186 194 201 225 230
330 118 292 3 190 41 1 93 96 268 110 66 182 216 241 248 264 270 274
1200 5 31 48 79 93 161 238 261 262
600 16 100 104 241 48 190 285 297 299 75 153 261 292
540 36 47 64 96 102 114 134 234 140 61 206 63 135 267 279 100 198 118 26 274 136 291 180 138 71 272 152 145 288 30 185 169 177
670 3 69 84 106 116 119 81 203 99 10 292 182 224 278 300
90 99 101 133 48 174 163 185 96 95 59 65 68 178 189 217 268 275 283 292
380 36 53 75 77 139 146 147 253 110 131 87 201 245 166 176 179 185 202 280
240 16 27 66 87 134 130 188 69 191 207 76 1 99 93 61 265 293
530 27 45 65 96 4 118 52 7 172 123 227 144 244 257 292 42 259 163 222 162 161 273 288
590 11 55 66 81 98 115 142 29 49 234 226 189 215 228 278 288
2780 132 260 31 180 284 226 165 197 242 261 267
1540 3 5 31 44 103 151 178 106 201 158 299 283 149 68 256 35 1 75 22 110 188 240 261 262 298
2140 6 73 102 158 234 110 293 23 275
90 24 73 83 131 155 158 168 265 279 44 12 134 267 239 263 62 50 91 58 177 181 207 224
1710 43 75 102 13 281 179 122 28 220 10 267 245
1190 35 94 125 160 9 72 180 41 122 285 184 262 199 149 203 7 268
2380 85 103 43 122 89 206 148 199 52 31 156 274 176 202 273 12 181 197
480 5 69 135 132 173 118 193 277 122 110 22 273 261
2000 76 106 111 133 163 39 35 171 74 100 176 187
2450 27 107 135 146 191 86 268 24 62 153 228 5 230
760 48 52 53 85 237 272 64 87 82 267 238 293 210 213 215 264 266 298 300
1490 1 57 66 94 119 123 136 168 280 141 68 192 85 142 146 259 255 205 230 239 240 294
2930 96 158 61 142 219 204 91 50 59 65 289 245 249 264 193 207 211 215 228 230 261 281
2590 4 8 27 76 88 90 101 103 134 167 31 143 38 243 268 26 40 193 205 227 248 298
2770 14 24 29 57 60 77 86 87 100 155 189 204 217 282
1390 19 28 63 127 34 11 21 263 38 6 184 186 234 252
1950 8 10 61 72 93 125 166 131 268 12 78 97 156 168 95 258 179 66 18 74 22 297 198 240
1540 100 111 127 153 199 49 188 183 106 163 288 114 131 206 229 270 271 294 299
1550 71 111 161 155 85 250 261
1680 19 74 92 164 176 9 156 56 252 234 261 270
1980 61 84 148 153 160 165 85 9 196 105 232 30 107 65 149 227 254 187 197 240 264 280 296
250 16 48 55 61 87 139 166 184 100 163 101 282 122 143 186 189 212 216 272
2760 41 57 60 101 135 24 150 154 123 247 133 193 232 258 260 271 272
1510 65 177 258 251 185 281
2870 30 37 79 93 165 181 233 56 72 2 175 269
400 12 36 99 101 153 155 27 183 127 218 212 156 196 92 125 228 253
1970 72 89 181 25 95 149 117 124 47 175 29 37 77 198 278 145 263 210 269
2400 4 12 27 99 104 140 81 293 62 262 56 54 246 218 180 168 198 237 242
310 79 84 110 129 140 157 177 57 35 109 68 242 161 204 228 50 287 101 216 251
1560 79 133 155 239 260 104 206 181 42 3 200 53 57 159 277 278 192 109 174 207 248
2440 67 79 91 94 109 117 134 150 152 31 37 14 50 195 217 230 247
2880 14 16 28 43 104 111 157 169 277 205 220 288
1790 100 122 149 171 189 134 59 199 254 255 272 273 300
1670 9 70 126 137 167 61 275 172 20 143 10 254 142 76 238 288 110 173 182 195 204 218 229 232 278
620 19 21 30 51 90 102 105 108 149 198 97 207 104 96 206 227 238 295 296
2280 10 15 37 64 190 193 222 277 22 256 117 134 218 119 280 294
1440 31 87 180 185 126 82 88 299 210 292 74 209 213 216 227 243 252 266
2130 13 16 31 134 272 254 33 9 160 180 74 290 39 166 27 234 248 288
1440 45 54 87 96 153 176 186 194 255 100 65 22 138 187 23 145 105 204 120 208 46 235 238 270
1010 19 33 37 66 82 131 137 165 166 177 123 140 294 23 97 192 205 255 295
2230 10 77 123 142 144 189 78 286 210 275 288
1480 70 87 95 99 136 147 156 161 121 5 48 255 21 37 34 101 28 149 38 224 287 276 212 64 230 269
1630 19 21 64 100 166 263 156 216 225 290
2230 69 106 138 154 165 238 275 18 56 99 210
2130 29 35 84 87 111 172 188 198 297 13 23 142 264 69 193 249 80 275 265 174 47 236 262 283 291 299
1230 11 18 67 69 129 171 39 286 109 60 296 199 42 173 92 218 5 291 191 70 261 289
2850 39 51 75 137 153 166 177 189 35 113 8 44 4 145 194 126 227 248
2650 50 96 113 157 194 189 172 163 46 230 232 253
2080 11 13 61 67 79 80 109 198 292 71 282 215 251 264
2570 70 76 95 139 148 279 196 236 21 252 263 300
2890 86 87 140 196 200 110 203 252 186 170 281 15 268 211 240 289
1150 37 84 95 110 111 139 86 172 60 78 1 210 224
1050 14 42 58 85 100 119 185 201 181 277 300
2820 101 110 131 196 13 170 214 261 270 291
1490 23 96 99 108 11 124 266 86 213 234 273 291
2990 13 70 97 108 148 235 282 99 172 32 69 170 128 159 208 243 258 261
1560 7 55 59 83 120 181 18 288 188 9 150 202 26 226 257 62 196 32 227 241 281 299 300
2890 3 8 34 66 139 272 44 235 52 2 135 155 102 190 174 277 300
1490 44 80 102 185 187 195 205 53 106 49 110 272 125 72 131 252 193 4 233 283
2130 13 58 67 101 116 137 148 172 121 245 71 74 46 115 44 21 290 272 69 61 134 221 232 292
2310 55 86 142 164 130 101 191 122 2 294 267 281 80 251 257 283
860 14 51 68 84 88 134 219 246 290
900 18 44 96 148 158 195 28 256 10 87 293
1330 58 63 124 262 276 241 120 85 126
1550 84 138 201 211 253 75 271 154 268 163 122 245 109 125 57 24 59 92 270
2260 9 51 108 149 235 251 202
2800 7 60 100 117 147 159 160 216 291 264
2120 63 111 128 130 142 158 180 101 206 194 196 216 80 124 173 286 300
1350 19 48 114 169 188 240 261 3 115 185 231 159 277 172 238 262 269 299
2340 37 67 81 177 59 87 193 129 58 281 251 252 76 51 24 273 235 253 256
2380 4 8 52 67 114 120 81 277 201 207 240 190 141 17 149 171 169 172 57 55 63 234 242 261
230 44 85 96 108 228 248 21 249 250 274 137 49 262 81 56
2480 21 30 34 57 91 180 14 74 262 193 182 293 265 207 297 32 219 134 233 256 254 267 288
1230 16 31 37 40 43 47 51 92 184 232 248 107 41 218 290 28
2440 39 43 97 153 159 162 197 285 260 12 230 99 214 175 179 281 8 275
1880 27 44 64 69 103 215 217 225 229 245 78 74 23 198 293
1190 6 96 97 104 129 135 204 209 109 141 14 10 73 292 253 252 256 284
1070 64 106 113 118 170 3 114 62 187 58 239 288 296
10 98 105 170 193 203 151 228 259 94 258 254 293 107 40 132 194 104 198 30 253 29 141 269 295
2520 11 66 70 128 146 163 189 95 102 119 250 32 10 171 237 267 286
2850 17 19 57 108 137 228 230 66 248 210 161 272 11 180 6 176 140 171 85 43
370 16 18 51 55 129 152 223 6 244 286 216 259 150 279 144 134 273 283 298 299
820 53 65 89 188 187 52 230 287 160
1450 146 173 215 196 101 262 261
2750 30 33 158 241 261 122 55 114 279 256 270
2310 5 47 51 52 61 100 104 131 139 156 172 219 224 235 145 164
1420 187 6 221 14 57
660 44 85 182 6 29 190 97 93 270 68 261 264 274 278
2860 21 66 105 231 233 240 197 85 173 150 102 49 130 135 128 252 8 131 189 261 142 206 286
2560 15 16 62 72 101 111 121 172 204 231 97 145 61 265 275
10 78 83 111 114 133 142 148 231 239 7 178 269 101 261 266 272 273 277 287
1600 104 123 138 141 183 225 229 220 126 188 271 41 6 1 48 208 283
980 16 18 28 179 210 218 229 248 286 209 236 280 83 53 196 175 49 262
700 47 48 81 123 156 224 236 238 207 229 185 14 266 287
1830 1 4 34 45 95 131 147 180 193 197 238 232 132 192 261 289
1490 55 61 84 104 123 171 198 201 135 293 36 50 192 294 282 199 287
1760 1 28 57 114 144 161 195 222 232 244 35 29 236 229 290 299
970 43 117 119 158 216 13 220 81 114 19 129 287
2270 55 82 87 176 183 238 215 52 182 142 2 264 288 300
2120 3 34 91 93 95 103 158 171 238 241 142 296
940 19 72 79 110 126 160 189 234 182 263 280
1000 119 148 228 244 248 151 250 161 26 33 213 297 247 243 179 167 254 178 160 266 172 215 101 205 230 286 152 290
1580 33 48 88 107 113 123 137 165 187 223 231 232 243 50 252 99 282 161 47 91 82 267 151 133 228 204 269 281 286
1150 4 8 93 122 129 145 163 175 186 202 209 260 300
1990 8 52 83 114 140 172 204 25 170 208 141 136 68 258 150 226 247 127 72 180
1880 5 93 163 204 232 141 157 2 7 249 115 116 94 272
320 8 34 40 57 78 94 110 214 261 86 250 270 196 107 93 104 121 170 253 273
580 8 57 95 153 163 164 170 220 262 268 132 232 239 160 137
20 64 124 150 169 173 176 210 224 267 165 155 91 79 110 293 299
830 8 37 45 73 144 250 40 289 35 186 184 262 86 105 123 130 4 102 201 70 117 228 238
2170 40 55 64 247 266 9 26 8 179 198 224 54 213 177 145 150 23 244 275 278
2900 49 69 224 251 140 182 177 282 287
1090 39 43 70 85 153 170 197 217 218 219 240 265 292 181 74 137 106 22 3 182 250 40 192
480 66 68 71 80 112 166 167 229 266 214 19 114 287 192 59 241 22 250 124 158 82 18
1290 14 44 99 153 166 231 247 150 75
2200 37 125 131 193 203 204 59 249 155 80 162 270 27 234 200 14
2970 5 52 78 91 110 123 201 223 131 82 34
2210 8 27 56 114 124 137 167 189 191 195 228 230 141 250 73 217 212 39 278
480 55 90 148 186 189 141 277 52 270 99 134 132 154 31 297 247 130 32 159 6 193 60 286
40 13 82 153 163 209 241 244 287
1110 21 116 134 171 252 10 156 9 137 33 146 114 180 195 111 260 11
2330 14 28 66 69 107 118 164 210 220 229 234 19 85 262 108 172 183 101 92 9 216 284
950 70 86 92 98 111 181 208 215 255 262 271 104 174 125 44
920 4 13 31 58 94 107 161 204 147 108 55 218 69 155 251 220 241
2430 18 34 43 78 160 139 281 236 294
2550 21 62 152 165 234 295
1800 26 55 200 205 241 252 261 278 96 24 123 239 262 248 227 21 147 290
140 31 44 106 188 201 242 273 8 253 255 279 250 257 37 271
2800 41 42 153 177 193 216 200 96 115 197 23 191 159 8 16 124 88 258 237 158 232
1070 69 83 107 172 269 205 5 254 210 20 27 88
2480 10 45 47 62 197 219 233 221 48 122 137 83 256 202 286 142 12 141 111 23 261
640 130 153 205 226 75 21 204 116 9 120 213 214 59
2240 67 111 150 154 158 196 208 236 272 29 298 78 61 43 107 219 39 155 72 34 152
690 14 28 31 72 129 162 170 187 232 238 255 222 268 84 157 60 85 91 37 235 300
790 74 199 220 255 195 284 171 177
2240 51 285 238 121 199 194 46 103 119
980 6 91 97 144 205 74 237 194 180 259 127
690 30 57 65 67 98 152 176 204 232 261 278 51 71
1180 28 48 101 292 161 170 13 97 241 135 136 100 173
2420 26 47 48 68 84 152 161 196 216 49 98 256 74 17 177 15 19 13 241 33 120 79 22 268 90 204 228
2500 209 80 63 263 216 154 170 227 217 212 147 192 79 258 136 293 10
300
2740 212 201 187 234 225 268 72 90 5 179 267
810 58 171 53 98 32 215 72 85 99 109 182 212 214
2970 275 71 149 115 103 49 226 81 235 9 72 83 125 213 231 300
2260 264 212 48 42 32 105 26 124 270 253 38 55 75 111 116 139 141 181 219 254 277
1530 41 1 240 195 30 66 118 264 94 53 120 99 22 28 74 113 136 147 152 165 179 202 226 228 232 251 282
1750 26 132 287 193 25 84 94 102 176 190 195 204 215 245
1290 272 264 184 230 32 63 114 116 197 293
1430 89 62 275 218 71 79 141 145 159 211 215 219 232 252 271 282 300
1390 204 63 3 197 299 233 133 247 117 32 42 77 84 116 132 158 167 176 195 291
1410 29 227 263 30 77 86 116 132 153 223 243 264
2200 14 62 273 64 249 170 90 24 15 32 66 80 87 100 114 181 217 240 275
1210 52 248 280 132 19 253 25 82 104 131 164 239 246
2120 128 146 34 221 51 181 61 22 46 67 86 125 182 210 239 265
2150 11 218 140 144 252 145 23 176 283 253 236 39 55 180 42 65 268 274
1270 237 58 31 89 11 254 83 138 295 189 42 55 86 120 169 173 245 274 285 290
250 225 285 115 97 211 18 91 96 104 109 114 207
290 209 142 100 238 200 197 144 46 50 94 95 122 205 271 277
1470 16 106 134 31 160 199 231 249 185 123 127 260 47 154 230 289 297 95 178 139 46 70 79 83 89 92 94 100 116 152 153 171 176 182 197
2460 12 128 26 223 299 120 137 44 126 211 173 248 245 264 66 72 84 90 106 181 218 239 300
950 93 75 68 48 46 47 52 106 117 126 132 244 284
1040 163 122 204 205 283 63 106 166 77 53 171 285
860 155 237 45 283 243 254 180 13 171 118 31 186 297 5 249 111 177 122 72 91 119 240 244 166 83 92 102 112 138 156 189 190 196 197 229 280
2390 14 113 47 141 175 146 169 68 72 97 160 174 224 265 272
1100 11 214 293 227 273 35 30 32 114 126 211
2380 225 245 12 72 191 6 43 253 265 69 70 71 107 122 162 172 206 207 209 238 272
1210 4 6 19 138 183 196 193 249 228 35 42 143 161 202 258 284 296
2840 155 41 126 118 204 53 145 116 240 119 148 87 94 255 261
2340 5 123 110 215 292 263 134 106 212 80 87 189 271 300
1350 10 111 275 130 284 57 72 83 149 211 238 280
670 5 161 10 144 53 24 52 238 124 128 49 55 58 81 105 173 193 200 227 295
2120 15 18 22 116 233 143 156 49 166 39 46 56 59 89 132 173 196 229
1230 2 4 134 128 267 7 24 187 11 234 113 9 59 73 93 103 133 154 164 208 238 275 298
720 233 116 45 66 81 90 149 190 201 269
760 13 110 242 189 272 121 164 163 178 223 74 298 170 258 38 68 76 111 162 171 190 224 230 279 282
2210 24 149 61 170 133 289 26 286 278 90 120 71 197 156 258 189 64 103 106 152 172 173 227 238 271
2030 119 200 58 231 82 83 96 120 136 162 181 195 207 221 238 251 276
3000 189 110 161 124 217 229 253 160 104 173 148 178 239 70 77 102 138 269 282 296
990 218 280 4 294 41 197 175 39 34 242 86 106 148 164 231 235 272
2470 14 38 113 54 75 257 128 31 189 81 237 108 49 116 144 171 186 215 239
2260 200 295 222 152 219 112 132 192 232 275
320 5 27 38 269 256 203 139 158 176 205 248 255 287
1420 4 183 140 225 297 15 71 14 26 9 52 60 86 92 103 162 224 249
870 25 87 137 80 110 126 156 163 180 204 251 276 296
100 19 63 211 92 254 107 154 264 79 102 114 119 141 194 205 287
260 22 33 53 97 135 173 190 272 286 298
1510 31 184 230 155 20 65 17 203 18 60 299 199 13 88 82 90 101 176 191 231 247
1610 18 23 61 20 83 223 299 136 169 145 77 207 187 269 206 251 63 172 85 214
870 4 20 297 166 239 81 86 128 153 202 235 256 268 277
1740 3 31 30 156 39 52 233 189 71 211 237 51 268
10 17 168 231 148 241 180 94 167 96 182 236 106 173 174
2920 13 254 253 225 49 269 168 171 206 257 300
2620 12 30 42 49 154 282 288 20 160 167 297 85 114 136 162 238 268
1390 2 5 21 27 30 57 101 115 213 288 253 191 222 126 243 274 96 45 76 133 163 166 167
540 39 75 130 160 271 296
2880 14 128 203 15 111 101 74 30 79 154 4 77 94 166 214 215 250 258 290 300
1900 284 119 68 31 192 141 200 258 279 285
2070 53 187 270 246 69 222 58 29 204 273
2670 2 15 36 57 148 91 30 212 122 75 78 147 117 141 142 182 207 285
2660 170 177 31 68 32 101 246 161 98 198 239 152 64 70 99 112 188 201 213 218 289 295
1700 46 61 199 189 42 186 273 233 162 230 250
1840 13 35 47 60 234 100 187 71 69 114 125 162 189 207 230 282 283 289 295
1210 8 11 153 89 121 69 73 83 90 116 158 171 189 213 235 236 298 300
2170 9 21 44 47 258 64 238 245 208 126 7 77 176
2330 11 63 284 35 293 76 84 59 129 281 105 115 153 175 244 297
760 46 171 191 14 219 111 174 160 298 213 108 88 130 141 284
1530 5 201 19 85 263 211 107 11 33 281 68 117 123 132 143 171 220
1660 153 283 260 173 294 13 126 267 70 113 75 87 104 107 289
90 20 56 59 285 131 102 23 122 225 125 230 107 66 234 278 34 143 181 157 74 77 130 192 233 255 270 283 291
2480 57 61 62 290 163 207 25 70 87 201
720 67 231 299 290 59 18 167 109 139 278 194 294 176 25 69 273 37 77 94 143 164 172 205 292
2400 3 35 42 49 61 109 8 244 148 100 193 152 252 229 150 279 25 126 124 139 162 182 209 260 293
50 1 22 25 209 19 176 157 240 215 29 178 2 230 128 231 265 241 110 104 3 23 77 80 100 106 124
1460 198 32 99 62 94 105 151 192 210 215 294
2070 34 55 214 5 168 145 68 102 154 177 201 218 224 289 296
2220 20 39 54 58 4 67 277 250 294 134 231 207 84 217 98 119 158 213 235 283
1390 64 161 178 183 53 285 176 34 191 119 140 179 200 280
2700 21 47 219 68 117 55 93 184 133 72 63 70 299 9 10 37 202 126 127 145 214 272 289
1600 58 237 85 245 83 104 280
2590 55 244 44 92 8 264 152 18 106 285 155 221 258
1330 164 72 82 213 160 220 11 95 216 43 286 94 238 89 204 266 28 242 256 81 96 98 166 203 233 252 279 280 297
1680 3 39 239 98 80 159 30 33 215 48 92 123 172 203 205 209
1040 80 206 149 238 233 109 272 113 36 286 12 46 101 106 136 147 187 215 221 227
1560 15 47 78 154 250 294 62 267 197 29 190 18 109 36 108 166 241 22 217 3 297 257 112 124 125 138 200 223 275
1410 64 75 19 144 96 184 261 6 104 9 90 190 201 255 257 259 279
1360 47 52 66 78 2 216 91 257 296
410 13 42 299 233 144 286 38 15 108 48 155 10 285 88 129 137 147 149 158 204 209 256 273 298
2580 43 167 139 134 28 207 222 107 11 67 204 27 69 198 206 89 94 124 125 179 238 256 292 294 300
1570 46 157 299 104 86 65 167 193 257
1990 8 15 62 80 87 18 203 195 260 294 218 31 114 144 151 158 181 182 251
1430 1 11 35 295 19 33 238 46 84 219 62 221 171 133 209 173 255
2690 22 58 85 16 285 111 230 169 125 105 136 153 181 197 207 227 245 251
2300 44 79 18 229 183 158 42 199 213 192 145 22 81 230 111 168 184 195 202 233 235 283
2880 20 77 164 120 297 32 157 104
450 5 50 80 219 223 192 217 99 17 298 6 213 27 271 299 73 246 55 134 70 166 18 177 87 175 227 233 239 286
2600 18 80 17 100 267 117 119 113 257 274
1480 50 53 84 184 140 155 273 80 16 36 187 97 158 210 268 284
1180 16 45 225 96 114 277 23 138 182 232 244
1630 2 59 75 81 155 216 247 154 210 80 135 232 103 119 164 167 227 242
2010 5 73 94 172 2 279 59 230 109 134 165 183 195 219
2430 17 61 71 95 18 222 72 265 277 235 11 280 144 110 111 136 154 164 267
2950 53 55 59 149 236 46 82 107 145 174 255
2460 68 74 269 110 146 108 44 141 37 6 22 162 166 168 174 190 191 210 241
1220 3 230 98 133 35 42 32 123 130 140 248
1960 37 72 84 88 211 168 163 12 164 16 152 78 255 93 154 67 215 134 178 240 245 251 269
1520 4 64 275 30 192 156 187 73 255 141 91 172 203 238 241 270
1870 18 21 28 79 272 38 35 50 19 267 82 20 72 288 114 237 284
1010 44 66 68 87 137 67 190 284 199 101 25 109 124 145 228 268 278
90 39 65 83 86 102 258 227 191 162 239 284 186 164 133 206 230 264 286
780 70 71 82 83 253 99 114 210 161 222 2 16 107 119 157 163 169 218 261 264 272
240 28 34 37 72 100 102 43 207 120 206 237 244 281
2220 22 29 55 65 91 100 230 34 4 210 146 92 250 114 148 175 188 227 235 256 272 274
2280 59 40 281 83 267 22 124 171 182 198
930 23 32 39 67 82 95 257 229 278 232 142 168 162 213 5 275 237 276 226 255 200 173 209 210 233
2750 97 109 44 16 106 264 7 24 52 89 250 111 61 163 11 151 172 192 232
620 3 16 53 64 150 155 285 271 172 151 242 300
1690 27 31 33 39 10 235 62 4 7 245 18 9 180 120 182 213 221 300
1690 9 58 77 95 147 188 294 260 66 146 20 143 145 151 210 237 272 289 293
2830 5 22 27 198 207 136 241 245
2630 22 27 36 56 75 95 109 209 44 98 231 76 170 296 163 263 276 277 292
360 5 19 35 93 110 232 116 15 206 272 36 130 182 188 284
870 34 62 138 174 274 276 278 293
1090 21 22 58 68 194 25 129 17 200 141 140 142 214 226 235 245 277
120 18 28 66 103 297 232 81 244 184 269 295
1750 4 30 37 71 164 287 83 196 267 154 227 87 107 232 112 162 228 190 219 72 284 176 192 200 202 273
1570 68 91 3 218 144 288 228 201 13 263 87 83 253 287 61 140 174 238 285
570 19 27 53 63 67 71 253 135 269 24 200 224 140 43 225 149 172 204 20 287 77 141 228
770 18 286 77 239 209 255 262 273
140 13 19 30 32 39 55 72 48 187 151 204 155 175 214 218 254 264
2210 64 122 175 186 190 86 242 181 205 225 239 250 256 291
1750 29 54 184 248 120 245 65 188 294 68 103 241 288 153 167 210 221 272 285 286 293
2600 68 224 12 162 136 166 201 251 297
2130 6 12 173 294 31 66 20 198 258 9 40 165 10 176 182 189 197 213 254 267
2550 9 35 77 90 103 53 32 242 284 174 200 217 139 108 155 158 159 183 204 228 265
180 18 28 32 75 87 94 277 99 246 104 171 195 297
1190 98 126 281 192 163 45 210 241 288 299
2480 47 131 262 260 118 282 202 91 36 223 82 168 250 100 158 5 52 141 170 182 232 257
1380 19 43 107 86 277 285 197 216 265
970 15 26 83 260 254 196 22 258 121 97 170 228 255 37 164 233 252 266
2400 18 70 71 87 133 41 4 292 180 149 155 244 219 269 205 159 183 223
120 14 42 96 126 76 171 181 122 103 125 202 168 176 221 238 246
1730 23 102 105 122 4 199 8 285 44 207 136 253 58 233 296 241 277 126 167 56 243 280 65 170 183 209 210 229 238 240 244
2780 17 113 231 58 149 122 185 224 239 257
2810 31 68 66 165 70 26 117 267 293 163 287
1010 14 17 30 84 86 100 125 39 89 210 269
2490 14 27 47 74 92 101 159 77 107 117 8 174 184 232
400 13 23 102 111 117 220 188 177 202 252 269
30 58 117 5 82 86 201 204 213 245 288
2320 27 37 50 58 71 252 254 190 111 38 179 167 206 214 215 273 275 283
960 3 35 82 101 126 139 142 219 86 29 277 33 180 189 198 201 207
350 71 115 179 245 186 208 283 155 182 295
2570 128 117 73 114 269 89 115 197 213 277 293
2840 40 59 71 79 104 35 180 5 18 202 162 216 206 213 219 182 238 239 263
2330 62 67 239 91 18 10 219 130 48 64 163 164 267 275 295
2960 18 44 52 55 83 98 104 124 100 265 74 259 240 32 229 260 300
580 22 27 46 86 96 98 115 139 133 128 276 150 262 79 164 189 229 235 239 272
1640 31 35 49 105 22 207 43 213 248 269 170
2080 68 72 88 93 109 265 204 251 277
1180 92 136 62 96 133 86 218 75 89 9 41 233 238 275 278 295
2570 81 145 274 133 8 263 139 265 221 248 297
1130 18 37 52 65 80 54 278 23 166 202 252
1410 30 37 59 76 109 219 254 257 26 241 169 212 256 273
20 108 113 124 131 152 34 102 71 194 25 52 42 60 61 36 266
430 21 34 69 104 114 135 153 43 53 244 143 252 265 119 109 170 174 196 232
2600 34 80 93 104 108 124 32 38 100 153 98 155 12 70 248 211 138 207 246 252
900 132 143 188 297 223 99 5 283 184 246 256
2230 21 22 31 48 83 94 53 80 55 261 102 234 131 200 160 229 252
250 50 52 70 87 141 9 249 272 239 98 88 53 246 148 130 174 245 250 252 261
1850 50 74 104 113 136 140 271 212 92 102 211 51 192 204
2420 23 47 91 109 214 15 267 209 161 238 171 247 291
1740 11 34 35 59 119 138 258 223 156 136 141 163 178 207 232 247 274
920 2 22 65 90 140 21 34 51 169 18 39 222 186 66 134 262 112 62 227 256 298
870 47 99 115 126 114 81 186 188 25 70 105 237 174 35 191 202 222 227 266 290 294
2950 19 37 67 132 30 50 15 31 238 113 35 90 45 232 198 221 276 292
1460 65 133 145 172 121 125 102 163 23 101 50 167 176 190 191 229 235 281
2390 23 38 129 278 224 189 111 64 128 94 182 199 234 236 265 299
320 14 70 72 76 140 6 132 63 41 174 18 9 124 288 46 216 238 274
2760 22 59 94 146 234 264 258 74 210 255 180 292
1490 18 34 37 72 76 170 104 205 280 283 284 292
1280 148 150 76 208 5 87 1 218 184 189 197 206
750 14 22 50 116 139 152 149 43 185 177 239
880 13 68 140 19 89 129 241 36 292 91 11 4 201 269 296
2560 50 112 13 120 18 136 235 286 175 210 2 71 97 132 89 116 208 150 152 269 58 248
1760 26 42 76 92 133 188 99 260 223 297 141 253 139 224 283 209 250
2220 7 46 77 84 96 130 92 259 192 286 252 123 145 179 274 165 219 297
1050 18 180 212 142 215 247
2610 22 60 108 129 150 171 172 240 294 39 195 251 276 288 289
1920 1 32 47 57 61 96 105 128 82 223 209 224 252 297
2070 117 130 146 165 172 183 276 59 120 258 111 189 200 204 263
830 15 34 35 37 39 49 60 175 28 22 283 263 132 61 179 241 62 193 295 155 230 188 149 216 194 206 275
1690 83 107 124 129 148 84 237 22 34 254 174 45 102 33 6 217 269 278
700 25 53 65 76 108 210 252 174 46 218 203 102 217 172 229
1380 56 92 94 105 135 184 73 277 114 68 265 222 40 248 285 124 168 261 230
1810 6 26 71 189 88 30
2980 70 122 162 238 44 189 260 197 214 248 280
1890 5 89 92 134 6 296 36 210 99 223 186 9 257 294
2550 26 124 138 163 260 31 22 238 283
260 9 17 35 38 83 237 254 132 268 7 179 18 22 137 222 151 201 194 91 205 269 261 277
80 59 73 87 118 132 257 173 235 270 149 112 250 278 292 221 288
1180 18 46 60 92 107 141 175 218 288
1250 17 36 40 113 122 126 133 166 271 188 83 124 56 76 30 289 202 220 242 266 269 274
630 1 66 125 197 74 84 149 245 222 69 181 147 59 33 287 261 131 250 217
1250 77 136 140 152 92 5 284 124 26 261 160 200 255 146 48 172 241 266 293 294
2170 41 46 55 89 191 80 220 105 285 81 251 257 263 279 296
2700 9 21 27 80 87 126 128 230 157 43 215 57 168 6 133 262 188 147 286 86 223 213 220 284
120 21 139 197 41 81 17 262 70 178 293 44 290 129 255 218 246
570 47 82 87 120 152 189 148 51 25 110 253 108 242 179 224 225 248 289
1880 47 69 75 87 110 118 141 156 233 61 25 16 91 264 170 36 164 58 263 283 149 231 261 297
120 63 150 179 182 32 210 219 233 251 281 283 300
1610 17 72 90 119 169 183 258 25 141 278 256 81 113 127 86 187 265 71 210 213 289
2550 98 109 111 177 182 191 195 208 141 96 13 298 73 135 113 130 117 209 144 102
70 16 19 44 49 66 104 164 168 29 8 24 299 252 241 264
870 1 4 28 58 168 185 161 2 263 272 297
250 53 65 80 92 94 113 152 156 3 59 223 204 75 62 290 151 116 209 296 254 147 132 244
650 24 47 74 169 128 148 289 2 122 55 233 194 222 77 267 232
1400 2 28 72 81 104 204 185 82 55 148 262 233 39 8 6 235 73 224 227 253 273
1400 80 85 98 152 189 137 260 262 176 230 250 296
2760 37 75 83 94 133 190 191 201 11 265 268
2150 8 14 38 89 125 158 179 191 59 226 109 205 128 74 19 199 261 223 233 267 274 297
2830 40 65 77 90 94 124 139 149 152 153 161 4 184 8 99 208 263 264 297
2930 80 146 203 200 204 271 66 268
2420 13 90 130 173 116 159 140 273 198 286 82 36 79
1260 40 53 57 87 100 109 171 192 197 201 214 172 242 255 284 294 299
1750 19 34 47 94 136 165 170 183 187 195 204 213 139 262 226 218 10 83 267
410 126 131 175 183 251 34 231 187 258 276 42 142 206 74 215 23
2790 1 16 25 42 51 68 97 126 129 206 241 272
1330 3 113 218 223 239 122 236 5 227 269
2290 10 24 108 124 94 215 111 82 267 256 290 35 172 91 171 30 98 226 281 250 296 300
2690 26 124 125 138 273 242 5 107 133 126 229 255
1380 37 71 92 113 272 291 22 191 155 154 228 31 166 141 246 248 174 292
720 7 18 46 68 72 91 92 99 103 111 189 204 216 192 60 108 34 61 298 295
600 18 36 50 70 72 75 119 142 224 207 267 246 268 285 3 46 38 251 258 280
1740 98 113 120 123 124 173 145 292 114 97 8 170 5 265 136 214 294 249 40 163 255 276
2420 9 31 33 49 60 82 86 141 207 214 215 68 208 92 113 218 94 138 80 158
2420 1 32 61 68 166 177 280 175 236 300
230 3 100 116 182 198 215 155 92 111 48 174 299 38 122 62 75
1050 14 50 101 226 274 175 62 234 275 237 280
1920 15 22 39 49 78 113 172 190 197 236 117 110 106 246 239 293
360 17 30 63 80 82 90 169 173 194 196 52 152 25 29 35 105 141 158 87 176 283 36 274 32 140 284 125 295
970 37 48 59 81 108 127 153 167 226 129 142 13 180 237 12 94 19 249 155 152 39 254 255 269 285 298
1870 5 22 27 72 154 186 104 291 270 11 141 298
1130 50 72 83 130 141 161 181 189 135 275 202 211 118 102 105 225 251
2780 34 38 80 129 133 206 228 98 115 222 200 263
640 22 53 141 10 247
590 22 71 79 123 139 163 213 141 64 20 97 275 110 274
1680 19 25 63 78 116 130 150 201 6 118 104 91 288 15 147 167 122 255 290
1730 57 59 94 134 167 229 231 237 291 164 205 165 140 12 282
1460 9 98 169 243 46 185 170 248 268
1760 12 19 130 156 164 192 229 41 182 247 103 206 194 159 273
2960 11 18 22 26 167 232 239 287 42 265
2280 75 83 111 114 136 198 201 216 55 60 167 129 227 298 183 290
110 47 224 91 262 43 208 104 186 241 5 36 157 131 203 231 89 255 257 285
2930 14 71 148 163 184 191 211 166 8 167 138 160 146 80 164 187 289 274
300 4 12 14 25 37 51 53 109 125 126 141 183 206 215 272 295
2600 15 22 44 51 138 148 161 190 197 213 132 4 271 265 128 239 272 273
2960 104 105 113 138 177 202 205 41 127 101 68 90 228 257 84 245 27 232 251 222 239
620 41 80 209 227 165 87 261 48 161 111 86 171 129 278 290
770 39 83 113 161 195 198 255 51 84 142 136 286 95 251 85 203 88
390 34 35 63 108 132 138 170 177 188 209 224 296 26 279 79 55 231 56 299
2130 154 184 291 84 293 274 277
1200 18 67 89 117 136 138 183 194 196 216 71 154
150 84 166 192 197 201 202 218 256 207 109 27 167 272 277
2910 136 155 171 204 205 215 216 223 251 281 127
2680 10 28 66 125 159 189 207 212 188 219 280 119 152 242 297 203 269
940 4 5 7 19 44 79 114 177 207 292 281 128 219 10 108 211 109 279 283 285
2210 25 72 100 154 157 159 163 192 209 232 254 23 249 13 284 133 175 217 137 268
1940 80 162 200 290 172 202 138 271 287
900 32 67 83 95 106 112 124 143 169 214 227 231 218 277 291 100 153 132 1 223
2350 1 197 231 220 96 107 14 247 217 49 265 52 48
670 41 47 51 102 126 139 151 156 182 197 263 104 123 200 226 37 181 33 190 239 144 146 283 297 300
2620 4 57 198 240 68 105 280 297
820 94 115 168 200 220 254 8 266 17 35 28 54
1640 7 34 82 106 120 167 229 77 288 254 298 253 130 25 111 117 23 109 38 45 273 225 155 212 261
2160 11 24 60 70 96 221 228 272 254 248 57 215 86 148 124 127 161
440 53 159 184 236 238 244 218 252 15 111 176 200 95 259 170 14 121
960 3 8 29 105 113 236 241 244 83 32 158 11 148 40 153 189
1170 113 155 188 224 43 119 121 232 186 36 173 282 294
1120 75 97 100 134 137 141 149 192 267 261 17 4 157 122 197 151 119 48 259 280 285
950 35 68 70 113 160 175 198 209 256 158 107 121 190 283
1200 71 99 258 34 293 80 264 203 84 297 56
1770 12 38 100 141 234 263 270 236 194 78 277 178 80 22 76 231 29
2330 64 66 112 135 227 262 264 208 110 174 298
1120 52 136 34 276 8 37 5 246 61
1770 14 21 22 67 150 165 183 189 207 238 278 269 264 178 208 75 92 148 196 68 61 288
2390 29 56 64 107 108 124 133 202 238 265 222 96 20 106 120 26 204 65 178
190 16 68 76 79 86 91 115 137 141 192 203 231 298 125 15 251 264 130 58 21 239 56 277
1460 35 80 82 86 127 182 184 204 221 257 94 108 130 45
2750 6 124 125 126 201 249 143 41 266 298 44 297 300
2230 52 53 106 125 130 176 245 272 199 283 186 198 135 147 295 298
2570 18 35 200 214 252 117 206 209 61 74 59 67 186 77
330 69 70 205 213 227 266 172 256 55 250 245 15
70 229 240 246 259 267 169 9 129 68
1980 28 139 181 198 229 232 264 178 177 119 87 70 173
2890 24 64 143 205 259 279 7 121 202 117 237 130 71 151 300
1110 38 67 70 75 83 89 117 130 132 186 232 276 87 172 222 202 195 73
650 15 40 90 189 158 61 30 150 238 123 253 288 153 59 230
2480 119 141 195 213 258 203 26 216 74 227 181 54 37 85 43
2780 18 22 42 48 52 83 93 123 165 183 263 279 287 299 212 184 131 134 269 207 80 270 64 187 219 159 218
2960 34 65 94 210 230 250 272 285 287 171 45 288 240 62 239 86 32 281
620 9 19 46 47 70 77 86 88 94 211 235 297 222 175 258 135
1670 208 116 115 19 62 234 55 3 51 8 269 28 227 87 287 293 154
300
210 35 191 272 224 76 17 127 238 5 46 107 28 34 179 233 278
480 102 210 181 242 151 254 224 158 202 159 87 268 298 98 34 35 41 50 53 83 124 190 193 197
1650 210 94 220 186 146 11 70 107 175 266 27 31 56 82 102 111 128 139 240 274
230 24 16 288 23 15 131 46 122 151 61 219 20 32 74 132 159 170 227 294 297 300
1790 1 194 38 240 256 76 60 34 70 113 120 129 161 183 190 207 232 261 264 271 300
1630 277 269 288 276 241 224 194 125 299 210 261 256 282 279 11 108 138 262 294
40 84 70 260 43 40 187 228 38 259 223 230 29 42 102 128 132 153 182 191 215 241
170 245 237 39 35 19 92 185 115 23 27 201 53 54 67 103 129 161
70 235 199 180 287 267 140 47 71 83 125 179 294
2700 286 213 168 174 199 257 270 274
2040 3 236 115 16 41 165 255 179 194 133 154 6 128 71 234 23 78 250 299 300
2620 13 207 15 82 109 128 202 211 221 291
2650 12 237 52 96 281 194 267 94 33 34 41 75 82 86 90 102 130 145 226 271 298
1750 130 101 235 83 62 124 126 148 163 172 181 185 210 211 217 236 253 274
2710 4 219 104 12 192 50 98 107 125 147 171 174 206 245
1260 4 11 278 83 75 114 206 106 182 79 17 296 116 244 145 150 56 82 96 221 234 246 263 271 297
380 1 16 115 48 263 160 18 162 252 273 261 39 293 73 45 214 205 33 77 89 121 124 201 278 280
310 17 139 216 67 165 90 186 149 26 27 112 140 150 172 196
2830 8 79 87 162 182 249 188 233 66 261 80 48 45 60 91 134 136 147 234 235 236 265 270
2440 269 195 297 4 220 200 258 244 42 72 91 102 105 153 199 210 214 221
1450 172 232 158 292 31 167 272 290 225 78 243 37 73 128 135 164 256 273 295
20 140 187 191 204 150 292 95 135 149 179 228 247 269
900 4 8 61 154 224 172 185 256 11 29 232 135 132 24 112 275 289
1740 4 138 112 143 146 119 289 202 228 23 41 48 73 92 113 139 175 176 253 291
2310 230 127 33 73 128 247 215 35 171 249 297 105 162 196 264 93 148 183 187 237 238 251
2620 18 256 246 79 125 289 149 210 132 66 59 236 30 34 52 128 173 218 244 272
1700 8 32 177 268 94 287 18 3 182 37 79 125 131 202 247 283
200 1 80 35 45 78 111 139 178 206 264 274 286 298
2340 23 174 7 240 247 167 65 235 66 68 82 127 142 173 214 227 254 266
380 93 116 26 196 259 221 127 146 162 144 90 110 111 130 147 152 161 189 213 278 291
2050 21 57 72 67 45 237 3 98 39 38 171 173 176 191 256 289
2790 27 84 179 119 228 4 240 229 97 125 192 204 212 213 253 257 272 289
2650 17 25 13 149 206 45 249 163 69 119 160 168 213 229 278 290 291
20 158 51 26 193 100 107 172 70 200 13 2 1 80 268 249 5 299 77 50 60 117 129 130 139 167 207 243 295
1520 1 8 25 46 51 76 28 110 117 218 2 55 101 59 87 91 113 128
2210 281 154 169 165 192 137 250 248 50 73 99 156 210 211 267 274 294
2730 201 226 117 167 155 173 254 27 286 214 82 222 21 161 54 118 152 169 176 183 188
410 5 7 31 62 263 103 68 265 60 96 104 146 167 216 291
2070 8 17 31 238 99 199 244 114 179 53 181 40 52 76 83 276
1980 7 39 238 120 257 64 174 101 41 139 191 251
860 11 100 185 231 153 272 148 212 40 159 236 122 13 128 158 274 45 250 131 237 2 24 106 75 83 169 201 248 273 289
430 20 176 139 226 215 205 7 106 104 125 225 257 263 281
1980 7 127 297 166 124 180 134 78 90 161 169 227 229 249
2470 277 150 61 249 84 110 116 53 48 57 103 172 182 220 222 241 287
1720 17 31 33 41 200 190 115 48 280 112 256 150 19 275 28 49 56 89 152 210 218 228 269
230 1 4 35 282 209 136 232 105 140 214 228 248 270 288
1690 9 127 145 189 227 251
2980 17 19 45 124 148 44 226 59 176 177 24 294 142 286 66 84 117 162
2290 266 66 113 126 216 256 234 222 45 52 95 130 138 147 149 153 227 237 271 286
2390 234 70 155 15 244 116 181 2 36 102 34 294 193 60 144 146 158 163 213 219 225 243 285 292
1420 34 35 89 93 196 147 249 56 60 125 191 200 236
850 13 39 168 258 56 26 49 219 76 127 132 147 291
2370 39 44 219 79 8 97 166 2 135 243 91 102 212 217 271
200 121 8 56 37 288 75 119 136 148 172 210 211 273 278 279 296
290 35 80 58 251 279
10 52 54 121 77 3 79 214 78 51 81 16 232 74 45 139 91 99 123 218 125 238 250 264 280 299
1750 31 257 63 293 69 125 44 73 96 127 136 216 265
2410 159 154 263 94 90 127 55 298 261 211 237 169 126 207 242 278
1600 26 48 183 35 92 156 89 219 128 212 221 255
2910 5 19 195 276 50 38 162 264 34 81 91 51 180 275 169 299 263 62 87 94 124 129 134 221
2890 4 23 44 286 76 101 292 296 99 113 79 118 126 181 202 266 281
2690 38 14 60 73 249 83 100 125 134 160 215 258
880 57 242 217 73 99 120 140 158 162 170 178 199
1450 40 149 182 96 170 285 251 90 107 126 229 245
1420 29 107 117 202 206 211 227
2760 19 26 29 49 129 201 143 48 72 119 73 104 197 101 176 223 130 222 296 300
2790 18 31 201 208 8 257 143 95 82 260 298 111 100 293 190 197 221 227 278 296
1810 38 236 293 96 271 97 276 29 80 287 292
2440 57 182 33 85 128 218 209 211
1220 3 7 34 50 273 203 244 110 78 5 154 182 248 257 260 280 287 291
530 11 9 120 219 92 289 119 132 177 267 271
1750 31 66 254 155 80 171 165 20 73 110 138 147 214 220 232 241 271 275
880 17 25 62 66 157 36 72 135 195 24 21 57 120 139 63 164 131 119 210 269 282 126 160 163 266 297
1880 56 246 188 153 233 4 120 270 165 114 148 180
1160 16 41 189 88 148 54 188 121 218 287 13 80 91 160 161 177 197 241 294
180 1 5 35 61 115 52 278 39 80 259 90 98 120 126 164 182 194 248
400 34 56 17 244 159 178 232
870 21 56 70 253 28 11 157 185 262 192 293 134 187 83 169 139 288 106 199 175 250 43 90 229 123 177 180 196 214
1130 16 19 26 53 56 169 180 196 291 27 111 203 61 126 113 122 125 143 148 211 267 273 274
440 19 28 34 55 72 75 76 121 237 206 224 280 261 187 93 136 281 68 180 270 137 99 135 140 178 185 202 218
2560 56 60 161 89 100 298 133 102 123 170 173 202 230 232 294
1230 37 67 157 179 29 92 13 113 3 12 16 212 178 215 115 174 263
1720 14 16 78 238 182 62 9 39 2 264 259 283 157 41 268 236 89 92 97 121 180 196 200 211 233 291 299
1750 7 32 44 232 234 238 94 48 126 192 202 251 274 277 285 288
1170 69 281 137 150 182 121 134 124 125 128 148 215 232
590 13 95 113 186 210 218 262
1450 2 19 197 194 88 283 284 60 161 162 98 35 229 252 267 270
3000 75 87 189 187 195 250 281
1980 51 59 81 45 83 296 262 147 131 109 17 138 236 133 105 137 196
2980 18 58 78 182 138 110 116 251 30 13 286 217 76 43 195 64 133 142 154 189 216
80 56 60 224 19 20 75 35 53 201 213 102 116 145 169 193 237 286 289 291 299
2160 8 59 71 82 207 94 298 24 195 220 114 157 83 259 163 169
1800 30 51 80 180 181 202 130 25 273 134 168 182 205
940 3 13 27 58 84 92 177 60 160 267 275
880 22 67 250 229 119 49 86 136 177 215 262 264 272 283
1730 13 64 68 107 16 171 38 138 294 147 158 108 267 201 266 57 110 120 129 163 191 253
1700 53 68 233 32 227 83 160 279 189 131 125 192 142 283 297
1060 2 31 87 100 15 76 200 194 153 167 189
1740 39 56 61 36 197 212 63 181 80 240 182 225 227 245 261 263 278
310 34 41 67 81 98 134 62 102 156 185 213
190 14 35 40 61 66 282 181 141 148 158 174 192 224 254 255 289 296 300
2430 2 50 13 91 108 221 146 189 149 3 53 204 20 213 81 7 100 140 143 180 183 191 251 300
1190 38 179 44 8 267 112 169 180 216 220
2000 15 66 182 167 42 162 265 38 122 279 197 125 134 148 163 228 236 249 266
1650 25 241 46 201 89 252 20 109 129 217 219
1440 16 41 42 78 243 122 196 107 160 276 296
820 1 3 34 96 172 64 65 198 265 211 126 106 15 140 144 196 202
1170 96 102 291 211 6 170 193 112 134 140 142 146 158 163 218 261 298
2430 89 105 270 12 265 126 128 133 165 192 210 253 286 297
2240 35 44 70 90 273 96 283 157 165 220 30 72 212 267 196 278 118 148 156 291
2310 67 79 30 3 28 120 125 153 163 219 241 274
600 24 45 108 175 285 228 233 23 18 142 258 176 127 103 165 164 181 212 222 254
360 49 61 82 205 24 86 5 79 35 117 124 166 249 296
580 16 39 74 92 129 145 117 128 130 149 193 209 216 248 299
370 8 11 17 45 76 286 82 161 283 296 144 169 191 211 222 225 232 257
2790 16 30 44 50 90 231 91 131 132 180 222 253
2700 35 37 127 123 48 65 223 113 199 114 174 34 216 119 136 185 192 234 252 263 269
1240 110 175 144 37 139 61 135 140 183 221 236 270 299
960 24 32 66 73 95 33 117 164 171 71 202 281 54 167 156 204 139 160 165 192 210 213 216 274
780 40 71 73 74 217 253 223 111 272 210 136 5 281 156 76 276 63 96 195 184 135 166 172 173 183 205 255 266 275 294
290 54 56 75 80 85 241 83 259 222 17 139 177 232 246
1580 4 41 104 106 273 243 218 79 123 125 153 162 216 255 291
660 56 117 122 211 78 81 149 140 222 283 234 244 246 253 266 279 297
80 43 48 17 220 60 14 113 151 258 269 2 85 173 147 239 250 277 298
2750 6 26 57 97 235 203 213 32 9 85 111 79 122 62 244 104 186 56 51 42 268 15 27 267 278 281 286 293 297 299
550 49 79 107 58 84 73 61 14 64 109 188 219 76 235 213 137 285 288 150 130 191 196 215 260 281
1580 1 25 30 43 58 112 117 29 52 57 47 144 158 200 272 276
2520 11 25 41 69 298 139 109 114 284 166 138 153 12 7 188 264 26 21 3 35 85 59 148 154 158 165 210 215 220
2180 66 114 96 132 60 239 223 5 8 34 105 231 136 185 214 253 263 275 294 296
1230 14 93 257 34 13 30 126 49 66 114 203 207 271
110 4 41 73 89 97 116 27 188 179 261 212 150 274
2460 23 26 129 191 174 7 199 292 290 151 116 4 71 52 273 162 225 255 262 274
860 11 81 89 109 150 181 90 242 148 175
1000 43 78 85 100 185 19 62 211 93 60 104 108 137 142 179 193 204 206 216 220 285
1920 23 53 73 22 21 200 150 192 80 182 157 175 118 240 255 251 174 120 172 256
2970 46 80 120 57 212 249 95 208 54 117 129 19 210
1220 36 80 85 126 172 203 189 154 267 169 89 134 145 163 217 223
2230 24 89 90 96 128 6 49 186 72 146 147 151 152 175 215
2760 18 42 56 73 78 118 128 24 3 299 252 28 294 40 195 121 119 34 151 272 298 206 211 228 265 288
610 9 22 123 102 108 216 158 210 253 297 204 118 291 168 18 237 80 267 172 107 154 63 46 281
810 101 287 278 182 150 175
1160 48 112 90 29 173 208 263 272 221 108 134 153 225 97 179 184 269 291
230 24 66 67 79 102 227 280
1010 30 118 107 299 159 287 127 50 115 160 185 221 229 244 289 291 294
1440 16 114 212 202 165 194 137 91 13 47 179 189 232 255 266
170 3 24 30 102 164 50 138 38 108 180 177 190 212 218
390 51 89 96 138 19 52 230 30 233 295 284 15 202 297 72 124 49 191 240
780 41 48 75 104 133 176 25 110 14 54 85 204 128 74 101 79 162 212 258
2230 18 26 33 64 102 123 114 258 22 49 185 186 240 249 255 275 281
2960 16 22 44 45 85 126 133 135 141 18 225 131 193 210 241 268 271
2920 2 4 124 132 139 239 156 255 237 138 168 235 253 285
570 241 30 45 138 264 250 237 37 288 183 185 205 221 229 249
2540 41 74 128 142 7 111 248 20 164 122 98 49
970 11 23 36 58 137 140 90 70 128 202 179 168 266 190 212 249 255
2850 37 50 72 178 211 251 271
440 59 119 120 151 110 36 189 100 163 172 177
410 73 78 82 83 92 110 135 182 204 210 228 262 267 275
1040 2 21 34 41 96 140 127 128 183 163 101 50 108 269 255 63 285 187 239 243 253 283
120 2 41 58 144 4 258 77 263 177 183 186 207
2060 17 97 244 144 73 119 281 33 62 296 94 274 106 232 294 75 235 220 166 195 221
1140 37 81 87 115 30 5 75 258 8 43 184 241 206 256
2010 17 19 25 30 60 87 104 297 48 246 132 210 170 122 148 167 63 239 198 163 164 219 256
1930 33 158 199 244 162 92 156 14 96 137 73 108 50 190 196 168 111 104 181 183 241
1260 73 119 146 153 298 112 167 189 162 21 76 290 231 177 207 228 234 253 285
450 11 18 36 72 74 110 112 145 128 257 271 290 206 119 109 178 187 270 278 280
2220 43 53 128 120 113 188 160 174 185
510 21 29 37 104 119 162 164 38 98 34 189 297 204 208
2000 52 140 154 163 234 33 10 241 151 93 174 295 180 225 246
1220 36 58 60 78 79 137 92 37 230 41 276 103 91 174 207 228 43 257 287 115 178 251 300
120 64 108 162 282 201 258 4 252 217 63 81 182 227 266 298
1130 25 72 96 119 187 31 15 181 231 253 285 286 294
610 21 23 34 107 137 140 263 14 252 135 18 44 156 264 197 209 120 54 189 203 275 285
250 37 124 142 29 281 81 31 26 246 200 120 220
1850 29 40 117 132 135 168 169 166 15 10 82 207 101 264 258 192 269 300
1380 3 78 112 118 135 141 239 24 138 133 185 217 263 299
780 42 48 66 112 148 37 290 31 181 24 199 200 249 254 259 262
2040 27 48 94 220 78 75 261 192 225 71 202 95 275 146 241 159 121 156 164 232 249 278 287
70 82 155 165 169 287 63 28 80 201 227 77 182 199 203 249 284 286 290 299
1010 11 32 39 82 103 131 154 22 191 278 145 142 269 9 299 1 134 182 250 262 295
2260 9 43 60 79 80 93 146 168 186 74 116 78 83 102 103 183 204 230 268 293 296
2820 2 39 50 93 99 101 133 163 176 222 112 171 284 216 61 234 14 246 297
910 16 19 27 64 69 83 85 90 104 135 141 286 293 157 44 179 281 253 76 70 178 93 7 187 99 170 210 280
1740 59 158 192 120 118 199 37 159 245 102 152 5 25 180 163 222 234 252
1130 120 161 208 142
2010 8 23 41 78 134 117 299 149 292 166 186 175 289 144 238 80 14 152 129 100 287 293
1250 3 18 125 138 180 185 253 149 195 86 159 197 203
1870 7 22 78 80 88 171 182 158 165 25 261 275 281
680 19 74 75 126 128 131 166 37 213 198 203 205 250 276 279
1820 75 88 97 102 137 156 164 167 47 205 145 231 246 245 30 197 272 90 172 222 98 192 212 213 214 229 239 274
1080 45 154 163 2 146 247 5 67 217 237 281
1970 1 22 132 179 31 102 7 147 126 51 96 40 115 234 206 207 251 263 279 285
1690 15 36 78 97 135 177 183 101 84 109 224 119 216 32 189 117 174 196
210 34 50 108 150 114 91 134 231 2 244 196 225 249
810 5 6 11 13 87 98 145 241 223 76 226 232 256 273 281
2220 20 60 73 90 92 120 139 186 88 160 214 246 267
2390 25 30 51 79 106 110 163 192 193 83 126 299 78 277 18 107 213 89 198 260
2320 66 87 99 104 172 186 189 67 2 75 202 266
210 107 162 188 196 264
330 9 39 78 117 132 163 183 284 176 178 10 20 63 202
2750 20 34 45 98 135 173 259 213 242 127 207 176 51 83 229 233 285
2510 8 37 66 67 91 96 105 170 178 17 207 41 212 218 261 296
1340 2 24 93 119 145 147 154 177 61 80 107 199 27 217 197 84 12 81 290 65 273 288 297 269
2090 70 79 125 137 186 178 188 217 228 267 259 236 276 172 130 260 242 274 293
1150 22 102 119 140 148 167 180 285 242 32 157 134 291
1340 17 42 113 189 188 257 152 120 286 228 267 93 285 215 249 295
1890 16 33 80 165 191 222 161 15 28 65 139 134 283 288
300 12 92 169 174 200 201 280 255 294 253 130 244 159 191 5 34 58 225 164 250 217 233 278
140 67 136 142 167 184 241 279
560 46 69 172 214 233 297 114 213 248 263
2800 2 3 6 26 73 120 140 150 162 258 248 54 157 255 260 20 225 284 220 128 36 14 182 119 45 86 294 136 273 109
130 58 107 108 123 134 244 36 115 79 268 276 242 230 155 14 54 139 12 65 69 83 234 249 265
1880 41 82 99 110 131 136 145 32 148 53 59 154 201 189 112 244 146 240
410 10 91 102 125 126 188 196 200 217 189 119 228 261 32 30 33 50 100 209 214 216 286 299
2950 17 37 56 209 213 189 46 238 78 129 195 20 252 241 72 239 240 29 224
1590 25 42 82 128 205 95 62 233 138 126 85 7 282
800 18 49 117 140 181 192 238 57 230 103 90 134 122 213 114 38 119 251
1030 63 90 120 170 190 202 203 213 137 175 105 207 53 14 246
1410 35 56 69 75 122 201 80 146 26 45 108 260 86 241 288
1110 4 15 52 53 59 71 126 162 105 257 111 264 50 226 273 279
2710 3 20 92 110 124 160 173 177 210 288 103 44 252 281 294 128 134 248 72 279 284 241 251 277
390 30 102 142 16 243 239 59 160 144 289 232 20 118 12 60 152 67 251 223 231 275
1260 37 49 121 123 181 189 206 112 116 115 183 66 276 44 248 252
2340 7 66 117 120 129 194 137 221 234 291
1390 1 2 6 23 80 91 192 214 101 281 298
2910 21 142 150 168 177 207 210 115 99 193 50 256 132 42 239 274
740 37 42 48 269 219 194 13 241
360 97 178 67 143 29 65 49 228 4 47 43 170 261 99
1500 7 24 32 112 169 203 205 213 227 164 22 139 45 157 104 46 281
1250 32 78 95 33 200 189 265 144 253 43 87 246 152 64 254 261 262 289 299
1090 7 25 147 169 211 216 244 234 180 252 81 278
1680 41 116 129 164 189 193 272 221 243 171 264 269 296
1180 21 23 46 56 84 160 221 177 5 194 145 77 85 121 115 255 81 72
1710 19 74 97 112 147 209 215 1 258 83 207 200 296 293 271 285 251 261 275
1950 11 49 50 84 168 181 191 230 16 279 297 123 19 211 223 117 164 183 264
2080 9 14 29 125 126 160 19 151 243
720 11 26 41 68 83 89 203 104 19 14 247 51 118 240 257 277 299
550 8 13 31 41 58 80 140 151 152 49 25 91 190 246 256 270 279 289
2790 1 39 40 83 84 185 214 216 25 254 56 251 281
1890 129 151 162 175 214 221 189 225 158 124 270 291
880 5 29 32 99 135 214 212 149 147 3 236 296 279 242
970 6 105 121 152 161 168 177 194 208 214 163 75 218 111 271 7 44 150 220 72 259 278 226 277 297 299
1210 2 63 133 200 204 211 240 58 287 203 248 267 294
630 21 53 106 122 221 231 235 34 158 50 259 270
510 16 20 39 50 70 77 125 160 163 193 207 211 212 230 123 26 265 144 262 263 267 271 290
2770 8 183 189 261 99 251 271 64 15 257 262 273 287
720 26 74 162 173 189 229 237 16 121 195 217 299 181 289 288 168 123 251
670 25 29 190 236 297 27 22 295 261
310 36 153 210 220 209 242 70 222 76 114 41 46 249 260 262 286 291
320 19 25 33 34 44 51 62 136 205 152 104 154 248 149 288 176 211 43 177 178 113 193 271 277
1660 36 41 78 95 152 207 56 11 88 188 124 179 278
1340 64 90 135 221 238 245 246 40 169 216 55 256 84 293 102 191 155 233 25 279 220 47 270
460 17 105 139 170 172 214 220 230 117 222 87 183 275
1780 78 120 140 182 186 207 229 14 24 116 109 151 32 123 96 164 158 171 285 129 256
1660 2 37 72 238 176 112 101 261 229 29 288 292 293
1330 11 135 151 158 207 210 232 101 287 122 154 59 132 145 149 120 285
2050 5 6 23 26 45 49 225 251 237 31 194 135 253 21 161 162
1940 40 57 67 130 165 169 205 219 115 42 236 70 10 265 245 32 296 267 262
330 20 52 112 124 149 159 161 170 174 210 233 62 148 291
2230 7 30 76 83 92 121 200 203 241 176 243
1150 7 67 203 210 218 126 248 196 70 271 275 289
1130 6 17 19 58 80 131 177 213 227 245 254 201 99 233 108 297 187 229 285 247 5 276
1980 78 89 176 157 248 132 6 257 245 95 179 86 244 229 295
2910 17 38 58 60 142 159 172 175 82 209 42 244 99 117 129 191 16 284
2220 25 60 83 128 152 172 174 198 219 95 231 234 28 5 56
400 38 104 107 109 229 244 257 139 211 57 19 274 275 293
1050 3 49 96 154 197 123 120 73 170 104 284 29 61 145 293 289 294 297
2910 9 13 96 103 110 137 140 203 205 257 242 36 298 195 125 79 94 244 272 87 71 157 282
730 2 27 34 83 125 211 180 150
2850 6 20 73 124 158 179 226 142 22 117 231 174 202 45
460 74 80 109 237 296 19 118 282 165 87 251 239 243 10 46
2460 68 165 233 241 245 130 244 71 72 260 53 13 150 155 49 293 16 5 284 249 282 287
1460 1 21 41 120 139 142 189 231 267 32 26 127 95 280 281 287
1980 17 70 93 110 122 132 202 210 41 285 21 54 79 194 219 245
140 41 160 203 84 131 265 289 10 79 3 225 189 119 111 286 14 132 36 28 279 296
2390 45 60 177 72 221 157 129 172 94 187 120 233 265 149 252 260 23 297 299
100 6 60 68 120 169 203 211 222 261 127 106 39 188
1050 6 44 196 241 124 220 236 249 84
1490 16 76 110 141 179 241 58 30 125 33 1 230 177 207 67 17 54 250 99 165
190 6 97 104 220 234 240 251 208 219 123 54 188 191 55 274 237
420 45 80 207 272 182 70 143 165 17 56 286 294
1070 13 36 80 85 119 120 140 160 173 182 220 190 238 194 126 61 42 125 224 272 149 228 88 187 294
430 6 46 73 101 170 270 267 271 215 283
2650 83 87 110 115 123 97 27 206 158 95 282 289
1150 87 128 147 181 199 210 220 266 271 263 178 286 290
2420 64 112 126 158 204 205 233 253 261 273 134 255 84 172 200 171 50 151 164 191 296
70 10 37 48 61 90 115 182 205 274 91 109 248 28 125 284 49 178 171 280 213 296
1910 9 27 75 141 144 169 178 242 255 177 70 272 245 44 68 271 185 292
2430 4 6 54 78 126 152 202 220 246 249 254 46 218 206 139 84
250 24 26 71 185 221 246 274 260 283 41 31 293 266 91 144 23 229 101 237 32
2020 21 132 164 165 176 202 244 33 178 284
2140 79 108 140 38 204 142 52 258 70 110 30 33 12 295 144 91 248 239 83 24 122 223
1550 21 22 61 132 185 50 287 254 68 296
490 17 57 67 68 78 182 233 251 266 271 289 180 203 185 125 265 254
710 48 50 96 139 160 207 210 220 242 281 9 36 266 171 75 144 4 129 81 6 120 280
2260 147 168 247 262 291 179 34 205 21
1260 16 61 89 115 160 233 240 257 270 231 286 67 129 180 285 54 101 274 201 292 66 113 106
110 20 25 43 140 147 162 167 202 209 234 247 261 275 109 123 181 241 97 16 125 4 73 266
2660 2 58 67 81 92 128 139 164 267 13 170 28 124 108 224
630 6 34 60 139 144 179 185 196 246 213 11 56 114 125 275 241 91 236 178 229 118 175 83
1750 66 174 102 4 5 101 11 169
0