50
100 14 44 10 41 47
500 46 31 37 3 39
370 2 32 6 11 18 25 26
260 22 10 16 29 31
360 18 37
460 42 3 22 26 48
100 13 15 38 20 32
160 27 25 37 17 22 32 50
500 38 12 45 41 34 14 11 22 37
420 4 23 32 43 1 30 12 19 25
410 23 35 44 9 47 3 29 40
500 9 10 45 29 21 23 25 33
70 7 20 24 37 47
110 1 9 25 29
440 7 35 30 32 28 40 42 50
140 4 22 30 38
470 8 29 45 19
50 5 3 20 25
350 27 10 17 45
190 18 7 38 13 25 48
160 38 48 22 29 12
130 4 6 21 16 31 9 8 43
280 10 11 12 42 48
110 32 13 47 26 25
500 8 18 12 20 24 10 3 14 33 47 50
440 24 31 6 3 27
190 8 19 43 26 30
60 15
330 12 17 21 11 33 14 31 4
290 10 15 27 16
230 2 22 26 29 4 33
380 3 10 15 24 7 8 47 50
130 25 29 12 31 41
80 9 35
360 11 15 34 40
130 46 43
180 2 8 9 5 13 39 42
460 7 9 20 21 16 49 43
210 2 42 37
10 35 11 48 15
450 9 1 33 49
310 6 23 39 37 15
380 10 27 38 36 22 48
390 1 11
220 9 12 17 19
210 2 36
300 11 24 1 32 13 25 49
50 21 23 40 6 20 43 49
210 38 41 48 47
450 25 15 32 8
50
120 28
400 44 37 45 15 19 23
180
210 15 36 32 7 17
50 7 9 15 49
270 7 24 18
230 5 6 24 4 29 38
200 40 42
340 5 32 22 27 34 15 28 41
190 38 32 41
50 38 29 36 31
120 15 20 25
250 34 49
280 24 20 32 33 27
310 4 5 9 2 24 12 20 38
80 42 35
190 38 4 45 43
40 6 35
480 31 2 27 50
310 14 15 12 35 50
20 25 31 39 46
300 9 33
120 44 2 42 50
250 6 7 14 15 46
200 21 12 46
320
80 9 19 14 36 50
90 1 9 34 40
390 11 7 31 42
240 49 47
200 11 19 39 21 29 42 45 47
380 4 9 10 14 33
360 14 22 32 34 37 38
50 9 13 28 33 43 41
380 20 16 18 37 39 46
310 4 11 49 27
110 2 35 40 33
500 10 11 17 7 15 33
210 31 21 35
300 8 37 44 28
220 34 10 9 46 43
30 16 8 31 23 29 47 49
110 34 41 17 49
80 2 23 40
290 2 17 31 49
260 25 41 21 24 35
100 42 30 31
90
260 5 30 36 45 43 42 13
360 19 27 23 20
50
10 4 46 45 30 20 37 39 40 44
70 14 21 23 32 40 46
30 48 27 32 21 23
390 1 13 48 23 49
100 24 31 36 45
290 34 8 14 33
120 18 10 23 32
10 6 14 49 45
370 33 11 23 35
230 44 11 7 18 29
200 9 10 16 39 41 42
140 29 19 20 33 35
440 4 27 17 24 40 19
200 8 38 2 6 33 43 48 50
440 17 32 48
280 11 36 20
300 13 15 46
290 7 10 41
150 48 24 12 13 22 36 23
40 16 1 27 12 26
410 3 2 39 32 49 34
180 19
210 43 7 9 19 4 3 2 33 49
70 5 13 19 41 25 32 47
370 24 43
10 20 34
320 3 13 20 37
90
300 12 49 10 31
160 1 46 39 40
500 5 29 41
370 3 15 21 24 7 2 46
290 9 12 14 23 6 50
180 6 26 21 37 42
370 12 9 46
370 16 19 5 44 41
180 27 34 1 47 48
410 14 43
390 11 21 1 30 50
120 13 1 30 2 41
200 18 24 31 11 40 36
70 11 34 48 50
80 23 38 14 25 44 50
310 10 36 43 1 47
430 1 5 8
230 1 17 30 35 32 2
60 44 24 37
100 3 4 19 42 15 14 37 50
440 8 21 29 4 23
370 14 48 33 39 42 43
0