40
330 15 3 11 28 29 33 35
60 39 6 29 17 9 31 27 33 37
400 1 22 33 37 13 6 12 40
250 35 28 21 18 37 24 26
90 22 10 31 21 26 34 35
380 2 3 11 30 28 13 21 18 20 16 29 37 40
210 13 27 33 31 26 22 38
200 19 33
400 2 36 13 15 20 27 32 39
360 5 18 12 17 21 23 28
30 6 34 22 21 19 36 17 33 1 15 24 35 37
270 3 31 10 20 29 13 14 15 33 39
210 3 6 7 9 12
280 19 25 29 20 12 32 40
150 1 35 9 11 37 12 18 25 32
290 6 19 22 29
230 2 11 35 24 10 20
290 4 6 10 15 27 32 20 31 36 22 33 34
180 11 14 22 8 16 20
260 6 12 14 18 38 28 9 19 17 40
30 4 6 11 10 32 38 34 5 24
350 3 5 11 18 19 7 16 24 32
130 10 28 38
140 4 17 21 22 37 11 34 39
310 14 15 30 31 39
130 7 28 39 4 37 32 5 33
100 2 7 18 31 9 35
340 4 6 20 26 33 10 1 23 29
330 2 12 14 1 28 6 16
100 6 25 31
70 2 5 7 12 18 27 30 25 36
40 18 21 26 9 15 22 14 38
340 3 7 11 28 8 35 1 26 2 18 12 38
120 11 21 24 5 18
340 4 15 17 33 1 11 27 5 40
280 9 11 18 31 38
280 3 4 15 24 26 6 38 11 2
200 20 21 33 36 37 7 23 32 40
190 2 26 25 9 24 12
100 35 20 14 3 38 6
40
150 28 20 24 16 26 37
140 3 8 12 16 23 25
340 2 25 13 39 5 12 26 29 37
80 7 36 37 23 22 9 16 21 24
180 39 7 18 31 12 10 37 24 35 3 8 15 17 20 22 28
240 30 18 28 17 39 38 27 8 9 10 11 13 22 23 24 36
40 4 5 8 14 30 9 12 13 20 21 24 25 29 31 32
360 7 21 19 30 32 6 27 39 33 5 2 22 13 17 18 23
300 7 31 12 14 6 38 29 20 4 13 16 23 26 30 33 37
400 5 6 12 38 14 18 21 22 39
340 6 29 12 25 33 15 16 26 28 35 39
310 5 9 10 11 39 28 26 33 19 2 24 7 3 22 36 32 13 16 37
50 3 8 12 6 9 37 16 30 7 24 29 32
290 7 9 10 15 22 26 40
110 28 5 14 11 26 18 35 23 27 31 36
160 13 2 9 4 19 35 1 12 11 20 27 30 32
80 6 5 25 35 8 22 38 21 27 30 37
160 5 6 15 8 25 30 22 10 31 32 39
280 8 12 16 35 20 30 31
190 1 9 16 7 35 33 19 5 23 24 29 32 37
350 8 35 17 37 4 7 10 25 26 28 32
290 4 8 12 17 18 14 10 5 6 30 29 35 26 31
380 4 34 2 15 28 6 29 8 38 20 9 31 32
400 1 5 12 13 39 7 20 30 4 36 6 26 34
90 3 11 17 18 7 36 32 21 35 2
100 12 15 3 22 39 21 24 28 9 11 1 14 38 30 32
70 6 8 15 16 32 29 17
300 1 6 12 15 23 26 11 21 5 37
290 9 11 22 23 27 38 20 37 7 31 3 13 30 39 35
60 6 7 8 13 18 22 24 29 35 26 9 16 36 31 19 17 33 39
400 5 9 29 30 35 18 39 22 23 15 7 19
60 8 12 25 27 7 13 33 20 18 16 21 23 26 34
360 8 11 12 20 32 30 9 37
70 23 32 24
390 5 15 16 17 19 20 21 22 25 30 31 38 29 11 36 37
360 4 12 24 25 30 6 35 15 38 39
280 4 5 13 21 29 3 35 9 33 12 17 20 1 28
180 6 9 10 17 23 26 29 35 36
380 3 5 6 8 12 24 26 29 31 30 10 36 18 11
290 14
40
150 33 29 6 17 38
160 34 25 30 14 21 39 19 11 8 18 20 22 24 26 38
170 18 28 23 33 20 30 6 9 32 37
120 22 19 32 27 29
360 29 11 22 9 26
80 1 8 3 11 33 18 30 38 13 19 27
390 39 26 34 11 13 15 16 24 32
180 6 2 22 19 31 12 26 30
20 15 30 5 29 21 3 32 24 35 18 20 22 23
390 12 20 31 17 18 23
280 2 5 6 23 14 16 34 7 12 27 13 21 32
10 10 11 13 8 39 21 28 29 36 23 27 37
210 12 7 11 25 27 6 16 26 36 38
340 2 11 24 35 20 36
150 9 20 30 7 17 18 32 38
10 11 13 19 7 30 17 26 33
250 15 16 10 33 1 37 39 21 30
60 3 6 27 10 15 38 2 9 21 28
230 2 4 8 16 27 6 30 21 25 37 38
80 3 10 15 14 2 37 35 9 24
310 2 9 12 17 19 33 29 18 25 38 39 11 34
400 4 5 8 34 9 2 29 32 38
330 3 11 10 9 12 32 40
200 9 14 20 7 2 35 26 32
200 2 13 21 19 37 26 38
30 7 25 2 8 13 5 27 24 29 30 16 37 39
370 11 13 18 19 26 31 35 34 6 4 37 28 12 29
170 3 12 27 18 32
380 1 5 9 12 21 26 27 22 32 4 34
250 2 3 6 9 15 16 17 19 26 39 8 31
140 8 10 27 30 34 36
80 4 9 23 29 11 3 15 7 24 22 33 28 35
110 1 3 6 17 21 32 16 38 39
90 2 7 11 21 22 27 29 31
10 9 14 20 24 27 38 32 36 37
180 12 35 14 39 38 13 31
100 17 20 25 27 26 19 3 35 12
50 6 18 21 33 35 36 25 19 15 13 1 2 22
160 2 7 12 17 21 30 36 26 33
210 23
0