40
130 10 22 13 23 33 36
80 11 32 37 34 27 7 35 3 5 13 14 20 23 38
50 39 10 37 28 2 27 4 14 21 34
190 21 3 12 23 25 27
250 13 25 2 6 12 37 40
100 23 5 29 13 16 25 8 9 11 24 28 31
320 2 24 35 12 30 34
40 13 21 6 10 26 28
100 33 37 24 6 16 14
270 1 3 21 8 28 22 11 15 17 18
330 2 6 35 10 28 17 31 37
130 7 30 5 4 37 31 25
120 1 5 6 8 35 39 33 30 29 20 2 21
60 9 30 17 2 3 20 21 24 32 35 38
370 22 10 36 39 19 17 31 34 38
160 6 9 39 26 37 22
150 14 10 11 31 15
240 10 23 24 26 27 28 33 38
400 15 23 32 35 40
320 13 37 21 2 14 38 36 23
90 4 8 10 20 32 14 3 13 27 28
320 1 10 15 16 33 27 35 40
220 1 6 19 25 20 4 18 2 39 26
340 7 9 32 18 6 14 30 34
50 5 6 23 30 4 12 28
240 16 23 32 18 8 28 30
150 2 3 30 37 4 21 31 18 33 22
160 3 10 11 8 26 18 35 6 21 25 32 34 38
300 6 13 38
190 12 13 14 25 27 7 39 26 24
210 12 17 27 6 11 15 34 37 38
90 2 21 24 26 38 36 14 28 19
360 9 13 22 27 39 18 1 40
200 2 24 31 28 3 7 15
320 2 7 11 13 28 19 14 36 22
250 15 20 32 35 1 37
40 2 3 9 12 16 20 27 31 11 36 5
90 20 29 32 2 18 31 15 14 28
210 3 13 15 16 23 30 33
310 22 5 33 19
40
230 29 30 2 40
220 34 5 39 13 1 35 14 6 7 24 27 28
400 5 7 15 38 19
390 27 37 35 20 31 6 13 14 26 40
20 2 3 19 39 12
190 4 38 29 2 21 26
220 3 24 28 23 2 15 39
150 38 14 21 32 33
160 12 27 31 33
260 31 34 17 12 30 16 19 20 21 32 40
90 33 21 15
330 10 33 9 26 18 5 21 37 13
260 2 12 28 35 4 14 25 32 37 40
220 2 13 21 8 4 18 26 38
350 3 7 11 37 31 24 30 19 36
390 18 10 19 25 36
70 10 24 19 20 37 32 36 21 31 33
150 12 16 29 32 14 33
250 5 16 17 39 37 3 10 15 26
40 4 17 10 29 32
260 11 12 14 37 10 6 17 38 8 33
270 39 25 28 31 32 35 40
300 7 37 25 33 38
250 7 15 17 31 2 35
160 16 13 36 39 23 33 22
340 12 19 33 4 29 6 14
80 4 2 39 9 40
320 7 13 22 2 32 40
10 1 6 18 26 20 31
120 1 10 15 40
210 4 10 15 24 29 9 17 22 32 36
100 17 18 31 10 20 13 22 28 8 39
20 11 12 18 25 26 17 9 21 8 34 23 36
90 2 10 33 39
300 2 4 13 24 22 39
190 17 25 31 15 33 16
330 4 12 15 17 19 21 23 13
170 3 6 8 21 14 23
270 2 5 19 22 25 27 34 7 32 35
230 30 1 10 4 28 22 27 13
40
230 33 17 24 29 34
360 17 14 38 29 25 34 9
250 38 26 31 9 34 7
170 38 16 30 6 22 32
350 32 27 17 14 13 30 9 6 33 37
80 5 25 13 38 11 4 17 34
170 3 10 29
360 15 37 31 9 12 27 30
260 3 5 2 36 24 8 17 39
40 7 21 30 38 12 15 14 20 13 17 23 31 32 33 37
170 6 34 31 35 27
160 10 19 30 8 17 14 15 16 20 21
300 5 6 10 22 33
20 2 5 10 39 12 23 31 18 28
100 8 10 37 35 12 30 20 26 34 39
70 4 19 34 12 22 24 27 28 32 39
80 2 5 10 12 29 21 1 9 6 33 18 36 39
70 14 17 21 26 29 39
100 12 16 21 26 22 39
10 10 15 29 12 21 28 34
20 10 17 19 20 12 32 36 18
230 19 13 16 4 35 23 26
290 14 35 26 36 10 22 27
70 9 27 1 16 33 37 39
360 2 6 31 30 38
80 3 19 23 33 29 27 18 37 22 15 34
70 5 24 26 16 34 11 29 23 8 36
280 20 14 16
310 2 17 20 26 27 18 7 1 33
90 4 5 10 12 15 8 25 39
60 3 8 11 14 25 10 33 37 39
140 5 21 4 10 16 37 33 38
270 1 17 26 10 32 34 29 31 24 13 5
20 2 3 11 16 27 33 26 20 6 15 1
290 11 15 22 23 37
270 9 21 23 27 17
290 8 15 26 32 35 24 10 5 31 39
120 2 3 4 6 10 25 32
90 14 37 9 24 18 30 19 17 15 31 16
330
0