951328178 601 951327577
1465042658 571 1465042087
2021808872 739 2021808133
946027838 661 946027177
488898002 643 488897359
427969778 619 427969159
1405023476 547 1405022929
1935768242 613 1935767629
347574664 641 347574023
1978837538 661 1978836877
1892835848 601 1892835247
1032356308 701 1032355607
1480297292 601 1480296691
1714747588 509 1714747079
1089509332 719 1089508613
1311996866 619 1311996247
1997154638 607 1997154031
159798208 587 159797621
1721150836 557 1721150279
1660057508 709 1660056799
