1 233160 213400
2 232220 211630
3 237880 215790
4 226470 229000
5 231780 225620
6 234490 228140
7 229950 228870
8 237580 229330
9 244250 227320
10 236940 231560
11 238510 228900
12 233400 229970
13 234860 227250
14 235220 231060
15 237690 224380
16 239590 229570
17 237430 230160
18 232450 229660
19 235180 220800
20 234050 235030
21 231970 229930
22 232270 230370
23 238620 233260
24 235330 234270
25 234330 229950
26 238560 231610
27 237060 234820
28 235490 234750
29 235860 227060
30 238080 230920
31 237540 241270
32 237470 231690
33 238700 233260
34 236540 233280
35 244250 230040
36 237070 230340
37 237110 229960
38 239240 231770
39 233890 228580
40 237050 232120
41 243940 231830
42 242880 234830
43 243390 236390
44 240660 234670
45 238000 231110
46 240950 237100
47 243480 232570
48 238210 230160
49 241170 234980
50 237290 230380
51 236970 235520
52 237270 233210
53 236620 232790
54 236820 233170
55 238390 232750
56 238130 234280
57 242650 234460
58 237040 235370
59 241570 233150
60 234460 233810
61 241120 239100
62 240010 238830
63 241060 235720
64 237180 229000
65 243940 232110
66 241460 232530
67 240840 232050
68 238070 235870
69 239570 235120
70 237930 231970
71 237160 235850
72 240890 234870
73 243450 234630
74 236640 236260
75 240490 235510
76 241280 238180
77 238620 233320
78 239570 234100
79 243080 235510
80 239430 237440
81 236760 232160
82 239570 234590
83 237940 236300
84 241240 235140
85 238310 237840
86 238890 235010
87 242020 230420
88 238540 244790
89 243540 233680
90 237950 241970
91 244000 230980
92 243820 229800
93 236630 239180
94 242880 230840
95 240610 231130
96 246330 233850
97 238230 238010
98 242880 236080
99 244250 239820
100 238900 238490
101 242140 235300
102 236450 234970
103 238890 235490
104 245490 241220
105 236610 236660
106 241580 237570
107 237880 234810
108 242810 239150
109 241270 238800
110 245600 232220
111 242300 235490
112 242650 231780
113 237420 233500
114 236940 235910
115 239250 234420
116 243480 235050
117 239970 233800
118 242550 235870
119 239570 235750
120 242760 234340
121 240460 239350
122 240730 234940
123 243080 233450
124 242830 233960
125 244250 240820
126 238920 239290
127 238930 235870
128 240720 240810
129 244270 235420
130 242170 236410
131 242810 236060
132 239160 238630
133 238590 236090
134 242790 239260
135 242650 232130
136 246330 234460
137 246330 235140
138 243080 237290
139 242610 235920
140 246330 235490
141 243940 236990
142 237420 232460
143 241010 235430
144 239530 235970
145 246330 237570
146 238540 237560
147 246330 234520
148 243390 233840
149 243390 238890
150 243230 235570
151 241730 232500
152 245640 235510
153 241700 237570
154 239310 235320
155 237460 238050
156 242830 238480
157 246330 232010
158 237160 237710
159 246330 241550
160 246330 234320
161 246330 236290
162 243540 238910
163 243080 241140
164 239160 234880
165 243080 231260
166 240680 236280
167 243230 237720
168 243390 235740
169 243390 232330
170 246330 237190
171 243560 242130
172 242790 242290
173 240730 235760
174 246330 239170
175 238900 232940
176 243390 238020
177 244090 244930
178 241590 235370
179 238010 235450
180 242810 235550
181 238280 232800
182 238920 232190
183 243650 237010
184 240070 237340
185 242230 240230
186 240660 234860
187 242170 231560
188 246180 247030
189 242100 247090
190 243470 238560
191 242690 232710
192 241960 241720
193 243080 232140
194 245600 236770
195 243260 234020
196 242690 238070
197 243450 242120
198 242230 238390
199 240240 238780
200 239200 235590
