20 1299 525 777
40 2745 2934 2495
60 4845 3110 4563
80 9621 5872 6153
100 11331 4744 2921
120 4215 4117 2689
140 2600 1897 3007
160 9348 2265 1613
180 2391 1770 1784
200 11133 3224 2593
220 4305 3204 2060
240 5208 3604 2518
260 11936 4106 3075
280 7428 5814 3615
300 12913 4985 5296
320 7972 5883 9369
340 10367 5944 8310
360 12515 9665 9271
380 19218 19994 8675
400 12558 12081 10185
420 20333 22925 10082
440 18721 12820 10879
460 20832 13915 13498
480 22744 21357 14105
500 39662 13136 13919
520 30456 22666 20069
540 30682 22523 32853
560 39208 21640 26295
580 42642 26832 17504
600 48473 37919 25304
620 61187 30681 28244
640 45274 31656 28540
660 56757 38348 39206
680 63206 39777 27955
700 73263 52381 34679
720 54073 48595 47789
740 92454 46355 47322
760 71004 68348 40788
780 77733 57158 45681
800 90237 54003 49816
820 101621 68831 62163
840 113643 64429 55983
860 108603 88043 49431
880 96908 58971 63779
900 122489 76753 64033
920 157329 93851 80504
940 142448 88923 70382
960 119499 109116 84908
980 139029 110023 65910
1000 146234 111623 90834
1020 163461 130920 89889
1040 160746 127816 99143
1060 162329 123106 81973
1080 269154 120580 97889
1100 190718 170773 123266
1120 238790 156184 127956
1140 266459 115860 98734
1160 205280 149666 118356
1180 261117 160256 105788
1200 244705 137782 149925
1220 311747 169107 131148
1240 219604 173579 146202
1260 277466 155421 180179
1280 263064 175085 180030
1300 300028 228943 201888
1320 297782 209412 159653
1340 304106 215962 208135
1360 286385 212919 197913
1380 330720 216720 179032
1400 359012 219949 160144
1420 375852 245947 167122
1440 374023 216125 170340
1460 432006 258131 266431
1480 428512 277700 253130
1500 461937 307657 205568
1520 481931 300573 271607
1540 467942 298043 253533
1560 556387 266956 219727
1580 502527 325104 223722
1600 489703 283199 253375
1620 482255 315045 242224
1640 650282 310618 301164
1660 499591 342820 326625
1680 662665 316592 319078
1700 595858 376412 267374
1720 710148 339225 277982
1740 704689 411185 338997
1760 791156 408614 325912
1780 616258 344465 302128
1800 674985 355028 342036
1820 656460 529961 310172
1840 667610 414515 376171
1860 819884 507924 378235
1880 809932 493890 388456
1900 813640 518570 417506
1920 992110 576132 446447
1940 779544 470545 443096
1960 1081719 527428 405618
1980 903196 477685 443023
2000 918688 571950 461585
2020 1019273 590365 390714
2040 831591 500053 558383
2060 1130791 538970 441061
2080 919981 566029 480807
2100 990312 613712 440637
2120 1112522 695542 462557
2140 1189656 708645 555869
2160 1007807 716190 459408
2180 1083521 635439 658820
2200 1178645 698764 575939
2220 1163946 808648 515027
2240 986463 819027 614940
2260 1224542 697350 641527
2280 1354757 908997 597581
2300 1331254 770784 718280
2320 1075185 660454 603284
2340 1477707 822038 700983
2360 1415267 817969 724256
2380 1787229 916136 709551
2400 1518926 890467 774895
2420 1667987 980237 618815
2440 1894133 899334 819241
2460 1735805 1015402 689135
2480 1828771 942329 986116
2500 1412756 1116484 807269
2520 1761107 871749 852410
2540 1494898 917504 805514
2560 1686084 918968 953046
2580 2148955 1032153 934954
2600 1585720 1219947 938589
2620 1736068 920294 1061091
2640 2017728 1125154 1074571
2660 1803832 1016418 830342
2680 1731413 1287374 816320
2700 1658584 1361058 858504
2720 2027418 1242036 1153265
2740 2125202 1059110 993623
2760 2422195 1263019 936104
2780 2127526 1262093 873072
2800 2039631 1217865 1054630
2820 1884910 1314576 1119600
2840 2129697 1233580 1031815
2860 2179710 1332837 1157990
2880 2151563 1361454 1242270
2900 2210179 1294430 1158015
2920 2700668 1128620 1235300
2940 2578801 1460330 1138528
2960 2504570 1403738 1075630
2980 2732111 1520437 1016889
3000 2305337 1629678 1221925
3020 2879899 1680513 1537218
3040 2491905 1524194 1351756
3060 2803664 1598059 1360508
3080 2306464 1520553 1426504
3100 3024830 1821014 1423994
3120 2283640 1757753 1295118
3140 3002191 1705651 1413482
3160 2697052 1479239 1245805
3180 2909680 1545460 1456098
3200 3049818 1781909 1216899
3220 3100386 1540664 1338208
3240 2805838 1935233 1492043
3260 3224027 1954085 1571145
3280 3118027 1925775 1532175
3300 3000706 1924929 1612000
3320 3309041 1932019 1328284
3340 3544197 1814888 1501384
3360 3373863 1846399 1623412
3380 3097847 2419487 1545693
3400 3731183 1785533 1346878
3420 3433993 1822470 1639932
3440 3593397 2025554 1813257
3460 3725511 1951926 1563735
3480 4151915 2146034 1704264
3500 4212840 2025802 1952378
3520 3591595 2300837 1932255
3540 4173437 2281148 1751882
3560 3892273 2407576 2027789
3580 4284132 2268828 1709847
3600 4468133 2112479 1797854
3620 4535955 2317175 2116505
3640 3836099 2614740 1932284
3660 4365794 2334131 1820555
3680 4660479 2691437 1913367
3700 4713771 2044316 2155217
3720 3994806 2249702 2551253
3740 4707709 2272106 2149483
3760 4716535 2738098 1904794
3780 4826780 3021435 1748438
3800 4927606 2689687 1741740
3820 5105239 2614220 2332394
3840 4379801 3119474 2026995
3860 4821681 2662133 2108901
3880 4655262 2760822 2257513
3900 5354579 2473011 2577892
3920 5075455 3017630 2540568
3940 6669217 3291607 2223464
3960 4936883 3032001 2443160
3980 6062201 3604931 2475164
4000 5543358 3612903 2461809
