5812696 1938
26337800 2778
37274470 635
59805826 658
72840448 11233
76923608 4454
99997924 11445
115490468 710
135184608 2397
147328806 2333
159398290 2615
168986454 2057
191496868 2248
203521932 1983
219337410 2119
227847526 2092
246195166 2115
259293538 3234
280759014 3051
296704412 2588
309493128 3955
318661186 6963
336751026 2659
347047392 3874
368615026 2638
387453020 3667
399091440 3758
410393080 2455
422716702 5217
441443612 2142
460013316 2149
471013530 2336
485558948 2754
495069062 2272
519435246 3001
530165548 2486
548373258 2397
568018520 2453
575497528 2688
595787410 2797
607305874 2264
618328520 2659
630684832 2852
654104266 2242
670461980 3085
688067000 2737
700752608 28337
713997916 3042
732121854 3320
741197400 2614
761527408 2315
773762956 2630
784701012 5025
805446764 2954
819606740 2394
828520340 5505
854374904 2615
863732956 2821
879600544 4812
892262420 2332
914920652 2460
919508040 2647
937515536 2947
956566840 2779
960531522 2872
979815492 2560
1000876450 3569
1007047028 27675
1023835530 3784
1049294490 2682
1062398490 2444
1078958230 4720
1089026682 3065
1099112276 3176
1109894006 2838
1126575446 3683
1143042918 2949
1161740452 3972
1179389100 2546
1197770500 2491
1203764776 3291
1215859834 3238
1231190134 3085
1255883626 4092
1272031734 28912
1279486762 2648
1295583940 2896
1310613390 2848
1320788710 3874
1335774302 5259
1351471484 2351
1373039860 3334
1393795274 3046
1397064646 2773
1424520508 3892
1435689582 2463
1443365526 2394
1465397264 3448
1477461826 2891
1485197298 2703
1511587336 28317
1518909660 7137
1532223648 4730
1554814440 3890
1571454256 7058
1584268968 8380
1591709140 3199
1613439098 3034
1626365048 2896
1637237250 3256
1660609964 3883
1665305440 3893
1687839488 2758
1702724686 3233
1714964942 3284
1731354356 25054
1747982966 3662
1768939932 3490
1783478434 3192
1787001618 5165
1810082068 3903
1814998008 22556
1843215556 2787
1858185650 4644
1860763032 3101
1879679452 2895
1889705422 3252
1910236316 2915
1920482324 3240
1941300586 27711
1955051508 4895
1969167782 3723
1993618612 5046
2005702836 3158
2017271728 2966
2029620300 3087
2041914456 3432
2058317296 2948
2072122570 2918
2097648478 3034
2101485290 3326
2124407234 3401
2140618996 24816
