30
300 12 8 11 23
60 10 17 18
300 26 25 30
250 12 9 24
110 25 13 23 30
110 18 27 28
220 25 13 9 23 12 16 26
150 1 19 27 24 26
10 7 4 21 27
10 2 19 26 29
60 1 14 20
230 1 4 20 7 15 16 29
50 5 7 18 15 25 27 29
100 11 21 28 15 19
220 13 12 14 19
80 12 7 17
100 2 16 23 24
70 2 13 6 21
80 8 10 15 14 27
120 11 12 29
90 14 9 18
270
100 5 7 1 17 26 29
140 17 4 8 25
220 3 5 7 13 24
160 3 8 27 10 7 23
290 8 26 9 19 13 6
220 14 6
40 12 23 20 13 10
290 3 5
30
210 23 12 30
210 29 20 11
10 23 16 8 26
280 10 11 12 13 18 22 28
260 7 26 28
130 18 28 13 14 20
80 5 16 19 11
40 17 3 29 9 20
40 8 11 29
270 4
290 2 7 20 4 9 27
220 1 26 13 4 14 21 25
230 6 12 27 4 16
80 6 12 24
280 16 18 26
260 3 7 15 13 26 17
170 8 20 26 16
190 6 15 25 4
270 7 22
200 2 11 17 6 8 24
260 12
280 4 19
280 1 3 25
30 14 20
110 18 12 23 26
30 12 15 16 17 3 5 25 29
210 13 11
160 6 5 4
90 2 8 26 9
20 1
30
240 26 5 2 19 21 29
170 1 16 11 8 12 20
210 20
250 25 10 24
200 1 14 27
270 10 14 13
10 28 26 9 8
270 2 9 7 10 20
100 7 8 17 23 24 15 25
260 4 6 8 21 24 25 30
230 2 13 16
300 2 28 17 27
200 11 16 6 27
160 6 5 23 24
40 9 26 16
240 2 13 11 15 28
130 9 12 20 21
120 20
150 1
280 3 17 18 2 8
290 10 17 24 1 27
70 28
70 9 14
10 9 21 10 14 4 30
170 4 10 9
120 1 7 15
50 13 5 12 21
150 7 12 22 16
30 1
90 24 10
0