300
1670 29 24 81 3 112 106 53 108 213 59 121 281 249 122 7 17 38 46 119 123 154 160 239 260 269 270
2430 38 77 101 122 130 141 213 248 262
130 1 217 110 45 93 184 21 259 107 236 35 57 142 187 232
1320 246 50 36 72 101 113 116 132 139 159 178 245 255 289
1000 168 153 123 146 58 26 222 236 147 207 127 39 38 84 93 136 149 241 247 264 266 286
1230 9 257 243 87 202 84 200 16 114 252 30 46 124 195 223 250
1180 124 259 81 270 174 169 1 181 20 177 16 67 188 135 13 53 57 99 117 153 158 187 280
1870 194 76 31 124 74 19 83 150 171 228 272 299
1270 6 216 105 126 274 269 194 71 46 200 15 19 25 41 101 120 122 159 199 238
1860 275 65 37 227 27 211 114 54 119 137 200 250 254 264 269 279 283
2060 198 252 95 134 261 103 280 12 130 173 177 217 248
1480 239 265 238 37 11 18 78 246 30 48 127
1610 166 226 276 128 149 38 138 94 127 286 180 7 288 231 78 275 247 45 48 84 105 106 112 148 165 182 194 206 264 266 273 278 298
330 80 212 35 194 15 17 22 58 86 140 142 163 197 268 285 292
320 9 229 44 179 204 265 53 48 91 137 194 281 38 58 14 185 27 83 114 158 177 180 226 242 245 274
1720 6 7 67 47 194 209 263
1690 230 217 1 155 14 121 186 147 162 207 245 223 42 45 58 222 240
2210 12 271 96 293 269 249 219 225 177 245 197 45 39 89 148 291
530 8 265 279 274 86 232 156 218 9 22 27 81 106 110 141 168 224 280 286
2360 7 186 263 168 141 138 86 183 84 220 56 117 159 187 228 235 251 264 268 286
80 3 33 84 131 178 235 236 242
2560 19 288 162 233 205 44 114 14 240 239 237 179 244 203 121 93 217 99 52 61 47 212 250 269 297
1820 65 55 198 101 88 114 150 171 240 250
970 1 131 98 51 33 62 72 86 125 126 205 206 217 251
680 9 159 89 283 275 28 296 299
970 5 71 255 73 168 81 159 143 169 233 243 264
1300 10 79 173 182 19 15 58 101 107 122 131 139 148 156 200 263 269 276
2820 25 249 251 237 98 92 48 66 67 106 192 289
110 1 181 147 150 49 82 33 106 159 200 217 223 272
2910 59 35 65 207 12 6 174 43 103 124 158 178 191 196 217 241 252 296
2690 8 162 269 152 37 119 167 284 277 50 57 62 125 135 140 184 219 264 272 278
280 113 71 52 237 236 248 223 262 297
2850 84 205 46 21 100 133 24 156 29 137 191 192 197 240 261 263
200 207 253 78 196 216 44 82 137 142 192 218 274
2790 14 30 79 69 151 160 86 3 37 41 72 178
60 229 297 79 250 147 113 90 42 4 165 87 175 86 47 55 160 193 205 242 279 292
990 10 12 31 139 35 142 282 44 295 141 196 110 42 50 58 61 160 174 205 209 273
1780 13 15 75 171 83 117 5 1 2 188 223 244 271 280
190 5 18 207 99 52 85 95 108 118 208 222
2140 88 95 133 134 171 264
2550 208 181 215 108 105 35 9 115 68 161 169 226 276 288
1690 36 205 37 17 213 273 288 50 74 111 276
1300 255 253 30 95 141 186 269
1160 15 22 37 49 82 266 233 207 34 190 280 115 56 91 104 122 124 148 150 198
2380 3 18 13 168 267 17 71 163 174 181 182 195 205
2440 9 33 6 167 169 1 148 253 47 116 119 72 82 100 112 142 185 186 201 300
2480 46 69 241 171 36 218 22 133 202 183 172 227 180 73 260 230 16 56 88 242 254 272 273 298
1580 15 203 195 149 145 216 61 137 13 208 105 244 12 28 232 196 167 97 102 108 129 135 235
390 29 44 118 131 169 200 210 276
2630 4 284 89 121 192 42 194 238 248 37 31 138 131 145 268 289
2320 24 84 183 272 62 244 176 257 178 76 177 217 55 90 117 160 255 279 286
720 22 32 118 39 111 253 72 81 175 185
1210 1 15 143 257 82 7 69 284 90 105 164 200 237 238
1530 116 10 267 298 193 104 95 142 181 203 210 211 236 256 266 285
1270 23 225 169 51 128 36 65 124 181 209 265 272 273
2410 232 123 47 96 225 44 87 83 20 197 239 273 84 102 135 164 202 227 286
2790 75 31 127 7 3 274 194 58 74 102 107 122 200 205 245 256 276 285
1760 5 15 57 248 111 14 98 210 104 17 165 37 27 189 130 286 99 235 258 268
460 1 30 80 206 109 189 197 212
2430 238 294 273 133 284 135 89 200 215 250 263 295
920 22 48 263 179 245 173 99 185 233 166 297 37 142 154
2010 51 290 124 141 285 247 31 24 215 205 143 237
50 82 68 67 90 129 187 212 252 268
870 97 187 164 128 137 140 228 233 243 266 282
2780 10 23 30 55 177 229 230 130 278 179 235 156 285 100 143 151 159 171 186 201 245 247 262 264
1960 259 165 28 88 112 117 123 155 175 255 256 258 289
2040 7 16 63 245 28 71 278 192 148 154 181 201 242 285 294 300
1410 41 63 222 127 223 86 87 95 121 146 174 189 238 248 270 273
290 35 47 53 255 262 283 245 74 196 243 136 166 146 258 88 164 185 236 276 280
700 166 151 106 260 201 123 158 176 237 258 274
2520 9 26 32 67 182 211 45 200 72 101 103 158 233 257 266
2200 46 52 97 170 248 24 88 140 35 71 148 4 233 197 144 83 186 202 212 252
950 26 47 124 221 168 293 109 136 148 182 264 272
2450 8 69 57 42 292 171 227 95 131 141 256 258 265
260 38 57 198 124 119 203 116 99 80 140 212 298 98 82 88 95 100 165 166 204 205 234 242
680 8 51 167 81 93 124 131 162 195 214 259
1470 141 268 237 216 287 2 122 130 155 201 264
2320 12 13 34 281 185 108 107 133 276 292
2350 27 35 36 92 155 242 263 280
1610 14 59 75 106 164 287 146 282 178 218 128 101 110 141 237
310 1 7 26 165 52 19 293 242 167 76 169 185 235 289
1360 29 44 53 63 75 34 225 129 46 89 139 216 237 260 223 104 151 166 218 263
2520 38 56 226 15 8 72 171 197 215 245 285
1050 6 20 33 51 86 56 200 194 195 5 174 167 21 13 88 139 215 286
2970 138 273 39 298 218 148 163 107 121 143 158 171 202 222 240 243 280
1760 19 20 35 36 68 84 14 115 122 237 88 24 223 123 273 102 120 156 272
460 6 36 56 68 179 270 95 146 240 90 109 125 129 136 202 211 283 298
2590 69 72 86 236 84 153 180 66 23 232 249 115 250 47 40 75 178 177 234 298 288 134 139 181 212 227 274
2390 25 50 82 191 103 223 208 60 237 161 18 96 254 173 204 243 262 269 285 289
180 36 63 105 297 87 166 255 118 53 51 279 128 164 202 250 261
290 15 150 125 128 299 44 278 221 229 248 273
330 28 102 79 268 239 197 113 122 148 238 240 288 297 298
690 3 22 175 218 5 224 124 76 192 236
2770 13 245 213 112 146 206 265 271 274 289
2210 11 68 87 40 130 75 269 211 195 290 100 43 54 112 243 74 159 186 39 99 143 219
2470 18 56 89 229 208 287 298 104 131 134 159 173 197 205 211 216 236 237 254 285
2790 48 64 72 204 148 289 251 290 119 189 231 242 252 257 262 283 296
2380 24 28 58 75 225 131 138 168 177 190 213 219 282
640 22 39 61 75 58 145 112 95 116 7 125 106 159 197 226 283 289
2690 33 95 46 75 65 258 112 127 189 236 248 271 286
270 23 80 71 145 9 158 4 187 103 27 198 163 172 231 282 258 211 2 117 138 140 235
1460 92 194 126 280 48 86 123 290 215 56 157 57 236 112 119 151 182 204 221 251 252 256
1520 11 89 101 175 105 211 264 156 104 255 30 222 71 131 130 136 151 165 178 189 204 297
1850 54 58 103 96 169 166 44 208 289 82 182 217
230 9 41 48 90 103 254 157 195 172 220 234 251 247 112 53 140 13 133 151 174 182 210 250
2230 1 70 80 99 13 173 219 19 29 197 129 150 269 257 193 140 28 126 127 234 239 262 273 286
2320 3 85 198 214 57 78 27 119 140
440 1 41 78 251 128 114 48 139 256 247 39 127 163 196 200
2430 298 190 289 73 87 261 185 118 59 125 144 206 224 248 269
1440 3 37 80 19 121 174 235 245 265
1580 52 58 42 268 289 253 159 160 263
2130 1 94 95 99 105 13 102 182 165 100 222 204 130 46 123 217 66 241
580 32 36 288 264 188 196 295 4 130 183 92 148 159 167 185 286
2550 6 10 22 108 299 15 23 245 118 148 162
990 41 44 86 88 234 127 269 171 253 144 155 178 272 274
2670 46 54 75 99 191 4 122 199 210
1860 38 7 51 101 66 273 151 266 261 20 138 202 242 276
2070 52 90 109 155 49 39 248 182 114 238 275 139 245 273
2680 31 46 75 10 97 239 275 1 136 224 258 102 107 171 174 182 212 240 250
1410 142 249 253 289 216 86 125 9 167 169 206 225 265 295
1480 1 17 22 50 110 85 156 268 140 185 155 128 68 126 145 175 186 197 222 229 242 250 286 296
2010 1 86 116 27 2 9 170 77 164 44 222 57 92 204 178 182 187 219 251 285
1010 5 56 86 102 112 250 70 245 183 1 66 225 240 134 191 192 233 248
2500 7 8 62 73 75 93 44 210 55 6 76 273 30 240 203 158 129 173 189 277 284
2100 91 99 120 24 291 31 109 87 177 228 236
1590 9 102 121 158 275 248 183 24 233 106 134 148 205 225 226 247 262
2440 5 13 57 68 108 115 255 100 242 275 166 106 160 253 12 202 235 236 282 287
2420 13 55 80 91 108 121 90 177 147 155 64 295 158 163 196 209 222 225 259
660 82 106 134 254 87 124 48 284 63 279 161 139 187 195 218 252 255
1190 58 65 95 112 113 201 266 77 103 2 11 136 168 180 222 237 283
2800 24 103 76 248 299 96 50 98 27 21 180 49 74 153 182 191 221 259 261 264 268
890 4 198 177 163 202 210 213 220 234 261 277
1250 33 47 60 238 78 105 236 191 40 168 272 282
2880 11 129 187 40 275 267 219 88 178 123 96 126 287 297 298 168 288 294 296
380 7 60 186 48 204 176 31 210 208 287 197 56 284 289 201 274 279 296
2120 69 119 235 281 249 164 87 197 103 234 148 263 5 250 260 130 73 253 174 182 186 276 279
2880 15 48 266 10 34 33 64 227 147 151 195 219 290
2390 13 20 50 85 98 208 182 117 240 268 247 252 101 141 154 181 204 226 238 241 257 280
1860 37 82 108 27 148 129 216 143 252 84 186 140 227 181 4 88 118 145 154 247 273 300
1170 72 75 105 106 121 139 64 14 299 146 101 31 199 245 179 107 160 177 181 204 239 265
580 20 37 62 77 43 19 215 138 197 74 2 80 214 223 228 245 269 281 294
2040 37 120 46 14 219 211 277 183 205 180 248 61 195 173 222 166 232 3 264 34 54 158 230 245 247
2610 53 139 26 153 298 85 292 258 95 260 162 65 62 178 278 151 155 191 250 262
2430 72 241 109 256 115 204 175 216 240 284 295
1170 48 99 101 299 50 149 121 139 154 187 204 212 238
100 5 69 80 87 140 94 250 278 208 284 182 242 166 225 292 68 195 218 254 268
2750 5 17 29 36 128 137 169 232 186 209 217 264 269 293
880 46 72 85 97 136 139 114 92 277 44 67 113 13 274 166 185 126 231 227 18 249 27 73 197 230 250 273 286
1340 13 48 145 5 252 175 261 165 231 160 168 189 228 239 245 293
330 29 91 106 23 224 225 279 8 247 211 252 242 172 246 44 151 202 214 263 267
2170 35 70 117 299 211 105 289 103 143 82 262 150 280 201 278 102 137 199 65 154 182 186 192 218 263 277
1000 31 203 194 195 208 229
1940 5 88 143 7 131 201 240 195 203 256
1530 145 67 171 151 1 220 160 258 162 139 61 204 269 138 166 178 264
1750 17 118 121 128 292 214 77 115 205 159 206 162 79 234 143 171 177 184 66 267 197 222 237 263
1530 19 33 65 103 121 27 240 273 86 165 252 219 162 261 226 232
1300 102 105 195 197 212 214 225 235 243 252 254 259
2910 101 124 126 267 275 7 212 223 30 128 252 15 161 142 71 172 273 85 70 195 200 203 287 295
1160 25 26 95 155 96 20 99 251 214 202 218 65 111 271 4 113 29 9 163 191 195 263 274 295
2950 35 127 154 51 111 140 37 1 149 36 164 179 201 245 248 266 270 287
1850 41 89 129 158 176 200 248 268 281
530 17 22 31 143 154 155 156 76 114 164 191 295
100 85 101 14 45 132 179 170 128 108 196 210 159 229 289 226 198 206 237 245
1180 64 80 122 136 90 171 278 160 275 181 53 218 69 56 162 283 234 201 237 238 271
2870 36 58 66 81 112 149 156 13 75 103 257 278
1420 13 61 69 70 90 104 127 142 146 148 187 154 82 75 211 213 217 234 287
760 31 46 48 76 81 84 289 120 113 175 178 215 228 273
2200 5 20 26 45 73 133 19 204 240 253 287 98 220 130 208 280 222 296 202 134 149 227 207 169 173 234 270 295
2750 7 46 55 104 147 49 41 120 81 26 245 291 168 189 248
2900 72 122 163 274 187 252 269 294
2650 38 47 74 115 154 155 164 290 40 175 229 85 83 23 233 283 119 8 176 65 189 192 203 205 209 240 252 272 273
1340 47 101 105 150 158 240 213 214 261 296
840 27 61 106 142 238 184 11 207 124 242 176 89 190 279 168 233 215 96 236 206 218 248 263 266 294
1480 7 30 84 37 119 184 136 272 232 68 45 202 105 110 193 217 257
2830 36 93 103 149 171 121 144 217 66 180 52 242 167 187 215 289 293
1680 51 135 171 173 70 161 185 208 214 225 245 256 264
1020 7 18 51 65 88 128 132 155 292 15 256 189 195 125 98 267 257 210 281 208 140 11 219 204 226 280 296
940 51 80 88 134 143 167 221 188 21 154 4 30 205 122 115 103 291 285 35 208 280
2830 15 22 61 65 87 140 163 200 160 181 195 224 272 294
300 13 47 88 131 142 175 211 15 130 222 205 226 241 248 287
2080 7 29 41 139 164 54 45 140 208 235 213 179 218 67 138 55 88 297 247
660 27 71 112 118 138 146 131 136 102 13 73 151 122 190 104 45 105 216 119 226 229 232 246
1650 20 47 51 113 123 126 142 196 296 205 226 232 264
1520 3 155 173 174 205 283 31 188 206 215 241
2970 15 61 78 109 121 148 46 282 69 81 52 113 266 200 235 176 251 222 195 226 253 270 296
2690 17 20 95 135 139 199 298 136 43 230 297 287 65 46 121 72 206 151 147 222 245 296
2940 64 101 134 166 287 3 175 253 7 271 241 224 170 145 289 20 188 122 63 129 297
2830 7 113 178 184 187 38 198 264 268 281
1650 58 177 200 59 68 149 100 246 97 103 285 171 169 229 124 218 236 237 250 298
280 44 109 173 182 211 98 250 236 192 194 234 245 266 287 288 293
1940 89 116 133 204 162 123 143 30 33 131 216 159 250
2020 50 67 249 123 34 209 286 93 190 28 33 151 226 171 246 199 197 264 266 273 280
1450 54 106 174 194 261 36 265 289
110 8 9 14 15 50 57 84 102 193 190 13 256 253 245 233 152 16 222 250 261
160 48 84 95 105 142 146 177 276 158 296 157 152 153 212 137 129 6 283 159 179 185 45 270 76 229
2140 34 37 48 69 113 163 183 108 128 30 197 215 276 291
2330 18 56 72 92 106 135 136 141 155 96 14 121 196 209 299 59 294 33 83 157 148 236 99 192 219 224 239 264
320 11 23 75 101 107 132 188 262 44 163 226 295
1240 140 151 186 192 116 9 215 221 254
110 6 9 71 84 179 185 189 232 53 161 274 288 10 158 29 108 278 49 60 27 57 205 223
2500 70 130 151 153 277 77 65 160 67 247 164 135 218 46 286
1410 6 47 159 168 174 276 132 266 56 117 150 217 90 87 127 72 238 219 85 254
980 22 48 75 124 152 171 153 54 158 226 242 272 298
1370 15 97 112 122 135 144 154 168 191 89 259 145 103 289 102 231 140 75 138 177 248 261
370 22 33 42 62 142 155 178 184 96 45 183 180 297 230 171 24 57 36 37 208 200 75 287 126 272 228 237 241
2240 59 155 186 94 120 13 297 163 24 184 173 255 260 109 222 262
1400 5 17 30 34 39 44 168 173 278 286
500 41 48 89 96 104 135 138 146 168 177 181 205 223 39 152 176 178 242 251 298
2810 192 197 220 147 55 16 128 171 37 299 225 258 260 280 292
1020 58 124 135 163 177 254 270 49 276 105 54 223 219 248 116 132 213 228
1860 10 71 95 101 103 142 150 151 166 180 190 87 54 96
1950 14 75 158 195 22 63 157 59 88 119 218 145 72 232 274
2030 1 42 94 181 275 132 98 2 172 210 224 166 222 226 257 297
350 107 155 159 172 157 141 150 176 76 246 296 222 261 268 271
600 41 62 102 141 173 199 184 234 175 84 60 196 244 83 167 229 232 258
730 9 34 48 77 82 120 139 182 191 144 225 96 237 248 265 285 289
2440 3 17 22 51 112 175 202 24 11 174 147 29 166 104 30 242 285
2000 19 47 80 85 93 159 164 181 201 212 189 151 255 146 173 34 243 251 129 82 220 298
220 18 106 134 142 156 177 202 210 238 31 269 137 98 197 122 261 95 235 255
760 20 105 154 168 209 218 132
1220 73 178 91 230 223 199 264 102 131 292 293
260 5 68 103 112 122 142 168 180 185 249 17 85 121 155 39 213 194 206 130 214 186 128 270 276
2200 17 68 82 86 89 158 208 210 221 200 29 292 32 38 226 225 141 6
2790 93 119 150 187 213 197 179 19 109
2930 18 55 56 82 98 123 146 150 216 223 176 128 209 157 120 126 297 228 255 258 290
2040 13 83 163 192 198 223 213 177 180 182 239 263 298 126 99 15 185 41 156 183 138 203
2160 10 47 74 137 139 148 168 56 299 88 235 238 266 269
2720 210 225 125 149 141 64 8 20 167 205 240 272 297
2320 15 36 65 96 163 171 189 195 182 121 215 274 91 237 152 282 297
1410 17 47 65 186 205 221 148 142 236
2500 13 101 148 149 204 235 97 236 254
170 19 48 56 88 142 147 174 200 212 182 215 290 3 239 156 281 183 234 259
1710 22 44 61 72 126 171 173 194 64 293 26 71 274 123 264
2000 88 105 115 136 155 164 215 232 290 75 132 296 166 106 190 293 168 253 258
2550 65 136 181 185 231 81 280 110 299 48 58 227 21 20 157 127 244 101 219 237 247 263 264
2470 3 5 32 88 102 133 173 190 197 231 127 54 230 69 189 241 93 21 100 125 96
1960 22 28 32 77 82 86 89 229 205 80 297 216 130 235 62 264 53 189 96 164 238 163 247 70 155 250 260 286
1670 12 50 60 118 133 173 202 219 237 252 138 9 145 92 164 227 53 68 255 278
910 12 22 56 92 119 226 232 140 106 149 1 197 248 294
400 22 87 123 124 138 153 156 168 172 171 119 297 33 228 252 144 17 264 92 85 23
640 47 144 187 236 138 180 30 271 184 264 5 112 247 205 243
990 81 127 146 150 173 175 253 217 121 21 203 97 15 67 75 117 79 251 208 36 47 252
1360 6 69 95 218 291 26 85 89 64 157 241 250 265
140 22 48 51 215 235 38 270
260 17 18 61 67 69 94 114 123 140 169 194 186 260 118 4 142 176 57 15 190 65 149 141 163 83 284 292 110 160 265 274 298
1660 4 12 150 189 192 214 182 290
2330 13 62 105 108 138 150 201 237 241 65 249 5 181 139 126 257 235 142 258 260 263 298
300 32 50 58 72 118 126 131 142 210 204 276 216 11 180 250 239 173 100 91 68 2 161 169 123 109 160 279
1890 1 18 28 88 120 136 148 192 222 247 299 269 280
2270 36 88 123 136 146 190 248 105 60 10 189 23 6 148 264 237 252 191 143 121 22 90 255 194 119 243 259
250 28 97 105 108 159 185 218 242 280 262 102 122 24 20 276 259 208 278
350 6 11 138 139 149 150 156 158 238 240 242 250 170 264 157 171 30 102 63 97 129 72 298
2010 34 43 46 52 111 115 120 127 136 168 187 194 242 261 185 234 272 281 294
2140 89 105 129 210 47 202 199 96 231 146 10 157 289
2750 26 43 69 90 103 127 206 218 250 4 238 225 282 219 51 66 129
2880 108 144 177 194 176 102 295 54 57 281 66 74 153 259
1560 6 51 53 106 177 247 299 97 71 174 165 213 138 268 269
1430 69 100 101 119 143 154 58 247 234 209 70 293 274 74 225 215 66
2990 3 7 66 204 251 232 250 76 128 131 157 261 256 271
970 47 70 82 136 143 206 245 247 209 237 1 293 279
1670 11 109 117 149 156 193 219 253 259 132 214 271 194 204 90 131 172 33 283
690 69 151 198 251 2 206 126 32 289 106 279 65 143 284 97 89
1180 20 61 136 226 60 281 150 16 159 33 155 173 111 247 235 151 27 79 82
200 103 113 142 221 237 240 241 250 252 154 176 31 65 26 235 197 188 40 77 73 147 233 192 183 131 5 13 20 10 276 295
810 12 15 19 245 74 94 110 216 55 120 193 140 243 278
790 44 117 130 137 185 202 71 5 192 64 160 190 54 227 173 13
1120 45 54 134 155 158 177 150 278 294
370 77 92 111 121 138 214 63 277 14 146 188 58 131 50 20 257 161 269 272
1100 9 18 31 95 106 115 154 219 249 227 10 22 43 268 27 1 170 89 147 141 109 257 280 286
540 7 87 195 210 244 185 222 68 160 1 168 296
660 18 159 187 241 261 94 214 259 38 164 100 290
850 51 174 205 253 179 73 268 295 171 8 115 228 86 55 203 47 133 29 31 273
1300 42 56 60 85 86 117 124 156 158 139 192 272 106 37 68 148 118 167 55 171 47 13 91
1790 9 19 57 148 170 200 229 233 258 212 34 298 135 245 15 115 159 94 88 70
2820 10 13 25 118 119 126 127 134 158 164 213 291 280
1040 13 195 202 210 248 251 282 69 288 27 222 49 42 136 264 117 57 41 78 196
1500 31 142 148 201 268 296 132 124 151 289
190 65 67 91 143 146 151 164 200 267 31 13 251 265 165 207 238 292
770 19 90 129 150 173 262 260 36 136 295 248 10 51 135 285 292 296
920 11 44 102 151 168 235 251 269 7 209 249 69 288 38 79 275 19 177 85 178 138 192
300 1 15 78 136 177 232 256 263 141 161 188 253
2990 37 80 101 185 255 276 98 133 229 64 127
1230 25 69 164 171 184 195 261 97 87 10 99 130
860 31 50 53 60 129 135 146 245 262 144 124
2000 62 65 178 189 216 279 83 57 122 89 96 294 14 217 67 54
2240 13 58 192 121 5 113 148 201 100 237 20 56 106 19 51 269 84 207
2950 77 80 96 134 135 168 186 187 205 127 158 180 160 190 166
2380 13 22 42 88 113 200 276 280 92 41 190 134
1680 97 104 109 111 120 135 151 163 167 187 204 262 81 94 4 89 28 175 193 277 99 216 66 254 50
1820 62 95 97 102 171 232 234 246 271 225 137 298 300
1240 125 169 178 243 275 18 196 294
2530 74 143 146 155 177 221 223 245 36 279 78 209 14 278
1840 18 73 81 233 234 258 260 221 147 149 190 175 296
2690 60 197 285 134 267 141 67 291 170 179 253 173 239
2620 37 113 128 198 256 272 279 144 120 168 162 159 264 158 60
430 168 183 195 214 234 277 186 270 25 279 185 97 121 177 134 172 30 135 293
2720 36 61 90 134 181 186 205 206 225 237 240 213 32 92 22 228 229 103 187
2200 54 75 85 88 96 109 134 143 186 226 274 290 203 47 189 252 13 87 247 218 208 92 245
2870 91 114 131 140 145 151 197 209 227 235 249 257 8 25
710 46 67 290 139
300
2730 130 38 14 40 43 102 109 115 193 199 207 219 221 222 240 298
880 65 95 43 225 296 121 168 109 127 155 212 226 230 250 253 268
1830 182 170 107 292 76 25 54 58 66 69 129 131 244
2250 190 157 285 106 155 173 183 220 226 281 283
2720 162 16 272 108 119 51 210 138 14 112 255 12 27 29 49 80 133 176 190 237 240 268
1610 15 34 126 138 162 199 219 221 228 296
1050 231 224 111 236 15 12 21 38 127 166 168 170 210
390 39 192 136 166 189 141 153 198
540 159 180 50 151 32 46 60 35 172 43 174 184 189 194 208 231 246 259
1770 51 126 189 276 63 254 218 65 72 40 42 76 128 162 179 202 213 215 240 298
2180 157 297 15 18 39 54 57 59 178 182 183 254 260 287
490 251 29 5 240 299 294 278 189 155 7 104 235 254 116 296 181 85 61 95 102 108 125 212 227 249 255
1320 280 39 195 43 159 70 22 35 58 136 176 199 235 239 254 283
2920 5 143 159 1 62 245 73 249 248 163 247 23 234 17 26 55 156 235 281
2580 7 6 27 273 21 11 22 162 214 284
1870 5 273 260 172 90 115 229 240 19 29 88 99 127 190 264 299
1410 45 14 129 124 208 56 83 95 116 212 239 261
2820 27 107 255 135 34 269 11 89 122 87 209 188 36 75 105 173 176 193 210 232 239 293
2540 16 156 133 179 180 213 276 278
550 194 147 51 76 115 203
970 15 270 207 137 146 226 185 170 53 285 7 80 122 133 215 219 242 250 281 283
390 13 160 285 148 135 144 124 15 50 168 153 79 23 47 52 120 127 178 182 235 274
1120 14 22 251 246 206 84 183 198 249
2580 67 117 241 26 293 185 92 96 138 199 218 229 245
2800 3 62 281 38 55 77 52 53 99 148 212 250 258
860 24 227 109 225 46 14 126 215 239 283
2030 15 18 189 36 255 62 200 247 275 136 236 131 295 173 128 5 239 178 107 214 270 209 70 99 139 210 219 257 273
440 257 77 228 130 186 71 290 76 116 155 166 268
1440 12 16 198 284 204 5 167 197 255 98 160 185 146 243 39 61 131 183 188 219 240 274
2370 171 142 213 276 101 138 73 166 169 253 168 78 31 32 87 130 163 185 198 295
1240 193 299 142 58 30 82 104 134 268 278
1600 9 110 211 268 251 36 156 199 242 246 30 51 58 161 182 183 216 289
2290 36 289 225 115 61 122 219
250 18 156 196 6 131 106 119 63 57
1010 9 277 13 297 89 293 253 118 67 87 103 244 263
40 27 32 33 268 246 18 91 181 264 84 107 156 199 210 218 230
1610 205 277 42 72 120 122 148 236 241
1710 1 25 124 179 86 285 7 125 133 112 85 105 122 138 254 264
120 8 13 75 140 203 29 11 70 204 106 133 152 261 264 290
830 10 45 158 292 112 1 159 263 95 139 149 250 290
520 53 87 125 271 273 276
2470 273 99 63 55 171 127 10 88 237 278 37 65 83 244 137 51 74 293 296
1530 2 13 282 185 287 75 292 227 181 1 271 46 164 273 9 155 188 91 101 121 189 194 203 214 224 236
60 73 110 209 295 262 294 147 281 99 251 97 49 106 126 165 283
2700 17 40 197 160 275 106 148 122 66 110 158 193 235 237 250 290
170 9 26 43 149 58 96 191 49 126 186 242 100 50 74 173 160 200 268 290
100 77 254 242 118 229 226 223 232 174 108 126 266 95 22 193 216 222 290
2000 61 99 102 221 254
1930 46 261 71 296 55 44 5 160 183 195 234 241 247 267
110 9 22 46 113 177 54 234 74 69 192 143 93 66 96 123 146 166 173 178 194 226 237
2400 5 10 42 32 251 20 87 219 175 202 69 273
1320 71 166 157 282 118 142 141 140 25 56 22 155 245 146 254 235 268
2070 21 157 240 25 236 41 63 232
1570 50 3 224 187 11 277 179 60 72 157 193 203 215 222 248 261
1560 25 42 49 147 297 14 225 148 168 202 203 231 240 266
910 52 57 17 142 61 252 298
1340 56 88 155 291 214 11 208 171 248 84 187 61 34 74 216 290
730 31 46 13 232 274 174 167 118 3 147 32 285 113 234 154 201 135 105 132 165 239 263 293 298
1910 138 267 11 110 81 217 117 174 176 209 215 234 266 283
2240 9 127 54 246 213 110 94 122 137 152 200 208 228 262 280
390 48 57 33 111 112 240 12 71 29 272 56 183 73 158 219 281 271 234 200 295 192 285 62 216 253 293
930 14 25 27 61 280 284 194 203 236 179 267 283
2920 10 34 42 53 253 118 138 153 226
2770 82 84 210 228 271
1750 2 10 42 241 228
1750 270 45 145 154 89 226 268 69 228 50 3 130 139 190 201 212 241
420 24 272 138 140 116 112 35 298 75 122 123 78 155 190 227 238 249 274
2110 178 250 244 104 107 114 148 151 153 273
580 50 66 281 291 3 113 177 74 283 51 253 76 125 174
680 13 27 39 121 132 148 170 84 107 159 196 202 281
2060 28 49 52 61 164 127 276 249 83 81 76 193 198 204 229 247 283
2100 10 254 96 259 54 37 98 170 164 180 190 200 241 244 286 293
2050 14 30 44 61 176 109 98 275 86 241 181 168 206 224 271
480 46 50 69 57 84 42 119 157 180 120 275 124 138 160 79 140 217 218 219 246 286
2370 39 43 67 296 113 18 104 134 127 281
620 3 71 257 125 20 167 10 200 170 28 69 280 188 202 259 219 180 272 88 165 179 232 293
1850 25 28 47 100 119 131 157 202 209 212 229
1830 30 67 131 164 275 297 193 170 167 85 128 157 195 206 255 286 295
410 22 74 193 190
430 215 242 21 180 106 85 5 110 144 176 198 218 240 241
1400 59 71 139 281 87 129 193 203 248 293 298
810 64 185 131 289 119 150 256 233 196 276 31 118 178 114 200 223 259
2730 42 71 17 222 188 281 148 167 251 265 89 107 125 160 177 204 252 278
2870 57 64 74 139 36 23 135 183 118 195 156 70 100 108 155 180 206 213 214 215 227 277 278 296
1840 12 80 265 261 204 78 143 38 243 127 280 225 99 87 109 122 138 156 191 200 209 241 245
2600 38 73 157 265 106 134 156 193 208 222 236 266 276 296
2650 18 51 85 275 132 288 98 184 41 109 222 175 292 223 30 35 81 172 97 100 101 131 166 271 276
1000 42 57 76 16 163 123 296 215 226 238 134 251 290
2520 18 35 66 255 83 119 194 232
160 16 143 165
610 36 261 43 97 107 130 115 132 174 196 200
590 24 276 108 197 215 229 251 299
2540 50 259 193 221 237 280
2000 127 140 60 245 104 116 240 265
2670 2 47 278 152 12 159 233 17 143 236 40 122 258 262
950 46 72 50 211 263 265 119 117 24 120 183 148 154 155 189
2140 44 91 166 264 280 87 137 149 180 225 234
910 29 72 73 87 299 102 115 170 200 224 252
2680 42 44 85 25 240 247 243 16 48 27 172 139 189 210 226 281
300 46 178 115 198 77 269 265 118 282 150 295 158 128 84 87 111 145 152 252 254 281
1540 30 136 201 280 87 242 163 220 147 158 43 206 102 111 113 119 139 192 198
300 12 277 101 48 172 184 120 1 98 128 134 146 280 300
1240 161 35 207 243 261 131 162 183 232
2870 12 68 75 270 171 94 31 283 116 245 164 199 127 133 175 180 215 260 298
310 283 18 58 123 215 146 270 38 148 206 117 193 223 253
1120 34 45 80 44 268 39 86 4 223 181 197 203
630 3 18 27 91 70 83 68 291 36 182 111 236 165 118 146 261
1920 5 47 92 119 239 296 140 84 116 125 258 216 12 139 198 236
1800 2 26 73 87 208 174 1 85 130 180 183 210 296
1300 32 44 59 60 133 191 45 235 80 219 231 223 276 287 148 183 195 221 283
2590 7 61 107 273 225 100 222 101 122 193 284
1680 5 38 40 61 67 143 192 142 194 236
510 50 58 69 75 147 101 271 220 298
1540 282 265 219 246 223 187 68 82 123 261 277
840 16 33 100 153 290 1 240 229 269 218 91 172 98 20 248 183 243 254 271 293 297
2800 12 67 104 108 28 265 207 94 130 255 17 239 275 252 262
2070 24 59 96 105 239 122 197 214 268
990 35 47 52 58 82 84 100 107 171 63 241 289 119 217 221 236 298
800 5 34 74 82 89 96 108 135 194 140 77 118 234 101 206 128 175 290 203 270 125 159 170 171 250 295
60 74 96 102 296 22 37 166 183 187 225 264 281
410 2 70 194 145 43 130 135 182 240 262 273
20 18 45 67 38 117 60 37 21 288 262 141 85 95 200 232 111 175 252 33 129 157 209 213 228 248 278
1950 67 88 105 114 196 191 50 189 198 203
1190 17 22 38 74 158 129 134 183 191 232 254
2490 38 76 108 255 147 83 209 41 119 69 12 127 217 251
1950 10 46 47 245 44 6 240 228 190 208 193 26 222 133 134 147 148 180 224 286
720 42 60 71 85 94 75 125 228 22 2 183 7 235 104 217 245 16 296
1140 27 100 119 281 195 241 78 102 10 183 213 244 249
1040 17 202 172 3 280 122 164 186 150 289 124 240 166 219 192 81 177 207 258 270 298
2800 1 28 91 116 121 259 30 194 109 66 233 156 214 290 292
2930 27 34 78 82 103 87 205 29 77 214 3 159 181 198
800 70 87 181 58 268 297 91 269 133 223 229 250 271 295
1100 38 110 19 228 235 243 5 126 295 274 21 186 144 104 151 262 195 278 39 132 160 183 189 208 266 268
520 75 210 88 102 86 213 167 31 220 282 155 207 126 124 204 270 157 183
1800 18 22 58 84 119 223 121 252 144 164 155 273
2980 8 27 101 13 168 224 297
2610 21 42 97 282 143 290 181 60 166 169 213
1630 5 30 59 67 74 267 210 285 6 63 38 85 199 24 162 214 274
2020 81 84 297 27 171 108 99 101 178 149 40 66 140 276 277 280
730 39 52 67 94 108 119 74 139 144 216 223 226 253
2270 52 122 179 184 243 251 262 8 213 219 227 271
2620 30 31 52 56 112 174 196 212 273
90 14 50 85 90 95 112 137 213 145 156 167 195 218 234 240
2080 22 133 135 280 293 140 226 80 208 214 224 253 274 288
1200 66 121 175 242 100 143 168 159 291 203 207 212 236
1210 21 29 52 105 284 153 50 170 107 253 199 102 186 182 272 287
1510 20 44 55 58 101 113 125 203 162 126 199 153 174 229
1160 22 45 70 83 105 268 68 207 37 200 55 214 260 110 213 126 25 96 184 219 229 281
2320 46 139 293 40 97 195 170 155 183 206
1870 82 100 129 250 154 188
1280 9 133 155 281 213 222 169 287 68 269 198 219 254
2100 95 287 281 168 296 60 200 243 179 221 163 100 39 191 198 220
1090 22 115 146 147 8 63 251 283 170 194 68 205 156 161 167 210 226 271
2740 58 66 150 96 187
1200 12 43 52 57 134 151 195 84 2 163 135 67 173 240 280 249 165 96 4 149 272 28 233 190 215 286
1410 19 32 34 84 130 265 85 143 36 296 153 298 188 198 14 86 166 161 262 239 245
1810 4 11 52 53 74 86 134 203 197 195 122 182 78 282 77 54 200 257 269 298 299
1220 40 61 100 101 124 45 180 162 189 190 201 215
2490 9 13 14 40 95 131 145 119 70 195 247 261 264 297
320 22 29 45 74 234 46 267 167 133 83 179 49 181 195 276 277 287
1430 103 156 268 184 32 153 256 185 232 249 266 282 286
2450 5 147 103 259 15 158 6 257 204 254 221 10 138 252 264 285 293
110 14 88 101 152 155 291 30 264 294 287 187 193 195 203 213 215 239 277
1310 43 71 78 104 129 135 217 72 235 273
2110 107 155 192 195 90 268 298 76 215 200 58 223 232 44 167 210 213 263
1310 8 30 52 97 129 156 200 169 120 28 7 50 137 211 238 264 87 282 237 195 208 210 217 240 288
220 29 58 76 78 83 134 160 153 143 209 234 177 181 165 203 193
590 2 22 30 136 145 152 169 7 73 179 55
600 30 151 166 168 205 271 137 230 243 274 293 295
2450 3 21 70 72 76 78 146 149 153 249 227 98 7 119 188 192 193 209 210 264
2790 30 42 57 104 118 139 200 198 119 174 209 259 290 298
1990 9 16 87 99 102 115 129 183 249 266 277 281 293
1620 27 46 155 266 4 50 18 241 253 255
2270 47 58 109 215 171 142 69 147 192 91 9 226 222 241 59 257 176 232 266 278 282
1720 51 87 119 122 145 272 104 203 261 299
2950 73 18 13 174 59 266 5 193 80 205 178 270 289
2390 50 69 167 83 129 235 180 231 251
1220 27 68 82 100 139 176 11 263 50 22 265 281
120 38 54 141 152 160 168 19 76 10 62 265 213 201
550 9 74 76 80 158 19 280 186 288 109 126 177 84 72 104 97 190 227
1330 12 36 43 73 132 137 160 167 106 131 277 278
690 3 107 146 157 248 11 22 121 234 32 198 208 276 281
2570 61 84 96 127 253 219 32 286 202 109 134 281 133 172 49 120 29 128 23 149 103 205 211 110 115 4 124 11 252 254 272 280
1930 87 102 141 161 9 215 148 251 213
2810 21 24 29 43 82 161 250 30 192 196 284
1550 28 46 129 133 146 180 239 204 212
700 54 57 114 163 241 281 220 247 120 237 154 193 230 267
260 18 43 76 83 156 170 241 29 150 216
840 8 10 12 27 133 96 245 158 9 255 226 123 251 99 43 216 190 203 234 236 261
2960 4 126 180 189 271 5 67 16 253 66 79 158 72 155 210 193 231 240
2340 46 110 123 124 85 152 194 226 261 270 289 293
2350 8 50 61 112 129 165 174 278 185 231 170 295 249 101
260 31 78 79 126 176 273 1 167 296 45 93 18 105 221 54 285 86 187 71 215 111 170 219 190 81 163 201 202 47 226 254 298
1910 20 62 119 121 130 153 191 89 247 43 9 112 50 289
40 13 84 128 133 149 155 157 165 49 163 265 159 160 143 110 290 245 166 78 210 249
2050 34 82 123 185 142 70 233 238 91 231 232 252 282 287 293
1980 29 45 157 106 92 117 293
2250 29 100 156 171 71 108 295 30 241 80 101 8 152 123 131 151 23 287 182 231 269 280
1540 32 104 138 146 147 24 36 1 6 247 13
2130 27 61 76 122 148 152 157 165 166 171 60 98 72 91 228 82 46 246 250 296 229 85 254 257 273 285
330 58 101 193 66 158 179 219 252 281 282
1320 51 76 129 183 193 77 213 10 55 264 70 210 293
1200 39 62 119 147 157 167 175 242 204 123 223 106 263 145 163 54 55 247 20 43 189 81 210 248 275
730 29 39 85 134 162 186 203 71 267 83
2590 37 131 153 169 176 183 296
1690 23 101 105 119 149 73 78 245 84 241 258
2320 21 103 116 134 148 129 145 1 294 280 221 239 261 285
430 17 57 109 126 232 219 86 9 279 182 166 214 60 133 264 144
2380 18 27 44 125 167 85 171 170 122 59 213 258 77 215
470 5 134 138 190 203 18 243 64 153 195 271 222 109 27 7 166 202 36 165 170 99 273
2610 32 96 166 183 254
990 186 145 249 2 66 12 77 25 142 279 218 17 254 283
2150 30 60 134 143 148 151 179 202 209 122 19 274 259 141 184 128 10 163 165 137 221 84 220 236 244
2690 27 57 131 148 208 117 15 144 130 138 43 84 229
2550 80 88 105 165 174 184 193 221 158 10 244 104 92 84 155 26 286 59 219 54 209 163 21
3000 108 188 189 32 283 57 47 140 61 221
850 59 127 164 125 74 118 286 284 166 252 265 275 282
380 10 115 212 74 80 36 284 143 24 251 228 250 258
2220 51 61 76 110 114 129 183 193 208 215 27 29 148 201 141 151 295 1 21 221 6 280 74 244 33 261 270 296
180 101 134 187 213 233 234 152 235 4 113 240 283
340 152 162 193 213 215 219 6 118 1 48 93 299 289 207 271 242 110 216 224 285
420 83 87 111 126 151 174 210 47 1 54 86 231 234 263 264
1220 47 87 106 110 114 135 165 203 236 82 140 232 132 105
780 7 54 98 73 221 286 257 144 136 126 43 234 284
1770 2 26 33 55 85 111 97 226 120 229 246 249 260 281
1080 21 47 66 88 144 174 189 225 50 153 237 274 4 2 99 140 193 191 63 296 227 242 253
1200 26 43 170 12 141 67 84 226 180 257 299
2450 28 66 126 127 133 200 122 65 64 250 6 218 60 286
2680 16 47 115 200 214 92 225 71 147 251 24 241 148 132 77 266 268
2770 169 36 2 282 187 275
440 7 110 192 251 198 190 196 222 261 55 260 298 271 9 177
2960 47 58 122 165 208 223 89 174 281 53 76 280 254 124 103 264 298 161 196 238 18 236 297 262
1990 82 95 130 155 196 220 280
10 14 50 58 61 119 160 167 182 220 275 97 222 189 143 59 49 271 224 243
800 12 110 127 133 177 220 52 13 281 276 164 14 45 22 280
690 7 27 53 62 95 107 223 232 37 108 213 112 145 237 287 86 270 118 43 189 273 278
800 42 166 187 226 236 5 93 271 50 288 45
2470 88 166 196 232 67 250 246 287
2290 27 108 116 117 186 163 291 17 13 156 26 207 285 18 58 271 289 292 298
80 12 16 53 61 99 115 126 129 155 272 94 121 143 190 1 55 10 29 166 246 261 80 5 220 260 281
2120 24 65 73 118 128 174 187 188 198 229 72 85 263 173 66 265 80 49 37 206 256 260 261 270
30 32 46 47 80 101 145 203 221 226 21 254
1150 29 85 99 103 133 141 152 210 234 115 169 257
1430 42 68 215 219 255 3 72 35 128 213 246 252 268
130 14 52 94 104 126 127 189 195 206 85 283 281 24 156
1070 23 32 36 60 114 200 240 9 74 275 244 225 238 299
2390 14 27 99 187 194 199 203 273 159 287 71 49 282
2940 14 57 115 182 122 81 256 203 54 259 293 298
2200 14 71 155 170 192 212 67 225 172 23 12 294 161 266 195 128
1470 68 150 185 200 228 238 21 132 45 40 119 278 25 218 2
80 12 23 32 44 51 83 141 153 184 189 218 229 231 281 177 92 125 88 293
570 122 135 162 217 116 56 196 98 264 244 253 100 280 183 201 83 286
850 30 35 63 69 146 183 190 252 140 226 173 2 255 61 105 261 144 254 273 297
1070 10 12 47 52 72 162 232 211 212 115 200 124 38 48 288 253 183 11 268 193 100 13 242 282 151
1020 5 18 27 29 89 116 125 189 244 253 12 173 78 284 261
1310 82 161 248 241 284
1580 28 76 162 174 224 157 243 27 227 274 200 268 295
1360 108 209 129 25 95 259 218 206
2320 72 76 93 130 162 213 258 9 171 82 248 296
1590 16 148 231 240 279 11 241 225 104
560 49 85 91 103 231 240 253 276 54 107 255 207 17 241 191 219 114 159 39 175 189 268
320 44 122 133 141 156 95 116 292 121 232 60 264
2000 40 96 178 203 241 222 58 165 35 267
1810 36 97 162 163 166 202 208 232 252 262 274 39 38 170 159 222 120 16 266 297
1440 83 85 86 96 100 114 116 156 179 195 241 291 280 217 94 178
2860 47 173 176 249 174 86 59 133 229 161 172 55 264
2420 59 138 160 204 263 275 49 62 187
730 32 36 66 106 132 148 161 165 254 292 31 52 133 5 117 261 257 229 28 244 46 2
970 18 100 115 132 151 198 157 293
2420 21 27 66 104 105 119 134 236 191 241 219 176 129 282
740 43 61 113 169 190 210 221 231 234 237 64 87 41 132 141 239 73 115 153
2300 5 61 67 76 155 175 240 183 146
90 15 16 42 43 111 193 210 247 200 27 68 253 280 236 51 164 142 135 41 121 293
2700 58 133 213 226 257 264 22 138 169 67 144 29 278
1590 27 45 73 74 78 87 116 234 246 267 276 230 283 203 217
2140 10 30 71 82 92 110 235 261 275 182 139 160 41 87 19 86
1530 35 37 54 102 294 181 160 172 299 84 114 139 163
930 12 42 95 133 192 250 83 174 19 31 274 84 236 122 181 298 291
2190 208 212 260
870 13 62 76 85 97 101 129 144 155 180 207 219 232 252 265 273 93 183 233 102 139 198 235 293 60
1910 25 44 61 69 81 83 128 151 152 183 187 232 235 245 251 14 240 21 4 75 148 225 172 120 201 99 178 182 70 100 297
2870 43 52 100 114 134 137 157 166 230 254 174 161 247 196 201 270 217
2060 69 104 105 153 216 245 275 4 220 13 44 212 59 71 62 21 26 110
1040 29 62 146 217 218 255 224 256 15 111 185
2760 4 21 22 38 58 61 138 193 239 221 207 162 294 200
500 183 215 217 224 228 126 252 72 74 161 78 155
2590 43 110 151 152 163 198 236 247 146 11 160 196 238
50 87 122 180 237 254 144 166 289
1490 33 82 118 129 221 239 194 191 32 288 176
960 28 115 119 137 195 39 130 46 88 57 40 45 47 171
1660 57 69 107 145 163 239 265 278
2450 3 40 43 87 262 268 239 130
900 24 35 144 149 280 269 115 248 191 61 202 169 58 273 81 76 196 72 162 172 251 197 18 42
1100 12 44 163 207 249 277 285
1220 27 44 61 100 133 192 198 219 169 78 119 132 30 257
930 2 12 49 75 88 108 120 152 156 193 200 226 259 109 86 84 6 205 127 42 219
1480 11 35 55 78 132 139 232 281 159 253 136 264 115 298
1120 67 156 165 231 232 278 104 56 129 297 157 193 58 113 118 239 1 81 248 10 171 299
2920 12 31 98 221 277 92 175 298 157 227 246 16
2990 102
300
1740 210 125 221 191 34 23 22 75 91 106 161 198
240 127 262 110 29 207 279 193 14 39 141 162 203 209 258 273
1080 176 121 172 205 56 106 125 142 63 20 25 41 73 130 150 152 200 221 259 271
1670 108 285 286 245 39 158 207 214
570 129 288 280 185 30 93 150 7 183 73 174 179 208 240
2440 184 58 264 276 275 209 296 23 25 36 55 79 150 195 230 263 280 283
1650 5 18 152 58 48 175 294 167 21 12 11 216 170 125 112 283 15 75 77 98 122 131 160 161
2580 292 37 80 10 284 147 50 295 172 18 38 42 184 196 231 287 289
530 204 294 224 25 88 183 234 264 267 298
890 8 194 17 46 115
250 7 108 165 76 195 298 51 185 102 193 167 16 55 115 127 196 281
1240 7 36 211 110 181 48 93 112 284 19 21 42 133 200
300 124 166 276 18 29 56 134 149 158 180 207 258 288
2070 196 41 87 266 2 45 90 101 247 21 27 58 147 225 261
2730 123 117 7 215 274 21 200 94 122 125 161 232 269 272 286 287
2130 78 142 146 136 56 81 11 24 61 263 96 53 191 204 151 215 55 80 89 93 125 162 171 250 251 275
2100 10 159 288 240 129 64 22 46 256 35 65 191 82 68 23 172 177 218 219 224 251 272 284
1810 7 266 215 87 202 253 124 73 22 246 13 46 135 191 115 8 192 84 177 75 80 83 227 233 234
1850 12 254 47 130 114 248 49 110 111 152 163 169 229 243 289
2440 3 239 131 61 28 111 295 58 69 74 163 168 255
100 7 15 12 43 185 14 298 54 202 282 204 97 27 135 247
2630 17 18 128 242 267 90 216 135 1 245 197 138 256 215 25 37 38 41 43 45 47 83 86 87 101 150 185 186 219 231
2530 1 121 240 198 182 126 6 17 96 125 130 174 228 239 272 285 290
290 16 220 189 118 195 146 32 43 106 160 219 229 256 292
2400 9 134 292 146 94 3 6 233 294 22 43 105 109 141
2030 260 29 279 293 133 162 187 195 201 234 249
1010 46 222 169 14 29 55 140 75 261 197 238 166 63 60 237 21 43 120 130 193 232 246 267
100 20 74 51 177 258 40 52 115 117 126 127 156 181 210 217 253 269
2750 2 26 27 181 97 217 153 144 60 13 279 185 187 253
80 5 94 100 109 115 130 132 144 153 175 207 271 298
750 60 268 193 281 183 110 90 189 69 87 109 124 220 253 276 285 287 297
2910 139 275 24 158 35 55 71 51 181 147 238 109 144
2050 266 262 291 259 176 238 218 115 41 274 103 186 243 201 39 207 210
2700 1 243 236 297 130 154 174 187 151 100 176 217 252 273 289
1520 17 32 38 59 73 155 185 196 216 294
470 12 6 166 182 252 195 142 40 138 184 285 37 70 91 134 139 159 163 171 213 217 257
890 8 77 22 146 148 214 36 126 82 178 86 234 272 93 207 275 280 291
1930 35 245 247 202 125 206 197 22 8 267 130 253 298
30 265 41 190 33 2 151 48 79 154 74 4 47 64 94 109 111 128 188 191 258
690 36 234 28 220 42 264 83 130 65 173 162 182 216
170 14 33 39 97 168 263 270 109 287 164 96 284 253 22 3 257 162 180 188 196 219 296
660 40 216 234 12 179 224 8 242 251 92 126 278 147 61 47 51 67 112 124 144 150 164 170 236 260 267 290
2570 21 250 22 283 223 246 68 24 128 293 27 25 245 78 271 98 173 139 289 105 65 79 80 123 124 125 175 179 279
1330 171 74 269 105 57 134 297 127 153 132 160
990 14 66 204 289 282 68 258 22 299 225 144 242 255 293 161 134 148 145 84 87 122 190 229
540 17 18 27 163 152 291 66 10 172 144 69 86 180 213 256 264 294
170 19 39 22 42 296 52 111 113 162 207 272
2100 7 12 39 155 179 226 231 247 289
510 19 71 226 272 110 118 79 234 63 66 112 139 240 249 275
2810 8 62 84 87 138 170 226 239 289 294
2860 11 28 32 177 214 193 87 184 259 257 42 228 219 154 111 131 155 178 191 205 264 267 282
1000 53 280 108 47 28 90 122 134 246
2060 16 52 175 195 217 249 100 239 270
200 21 288 97 284 102 277 92 138 103 89 99 149 150 166 206 242 256 298
510 27 32 11 259 282 157 123 16 78 118 6 270 60 129 113 298 61 71 122 165 173 261 285
610 3 16 161 234 101 68 13 125 242 126 80 129 145 205 215 227
820 44 192 121 134 247 88 189 179 177 182 263 297
2340 6 7 277 20 298 14 84 147 89 102 161 207 212 215 240 278 293
2910 225 292 207 228 100 35 148 91 184 191 239
930 27 29 31 55 192 229 174 111 146 208 258
880 16 20 42 287 181 146 55 178 179 145 70 105 162 96 131 135 157 167 212 235
2350 151 247 236 73 152 50 275 76 82 96 100 102 116 135 149 160 175 187 212 230 254 285 298
2260 3 27 209 109 49 228 115 117 123 132 133 140 164 211 250 253 257
1830 17 81 253 133 39 71 86 138 145 215 260 269 272
770 17 40 247 253 126 43 112 114 123 67 69 192 100 132
2950 45 46 248 235 101 49 238 155 148 91 99 116 184 195
2690 65 202 107 42 176 254 79 250 272 295
440 17 43 45 56 136 199 285 97 179 152 172 167 70 166 73 86 116 120 125 162 219 226 265 289
770 46 65 280 268 20 31 208 260 214 227 233 285 153 211 75 170 202 283 292
590 61 68 36 87 147 79 96 131 134 167 278 294
720 32 49 194 233 177 215 148 212 206 136 87 75 178 143 244 55 64 82 109 242 294
2820 119 259 153 208 183 93 127 141 159 162 168 195 221 300
640 18 62 83 35 3 151 68 287 5 233 108 102 109 136 199 224 258 261 279 291 299
950 28 39 44 139 20 279 255 130 194 185 155 127 77 113 141 212 249 264 270 274 285 289
980 27 71 151 295 168 90 69 7 287 218 18 1 109 150 161 163 172 201 262 271 272
700 11 62 125 89 81 106 184 197 224 278
1300 37 74 140 183 263 7 186 234 225 143 266 277 79 99 101 110 117 160 176 248 251 264
2290 16 43 55 268 108 88 125 131 217 241
2730 39 49 204 43 142 67 216 299 6 116 102 222 265 77 186 249 70 272 112 125 128 218 221
2790 8 43 18 287 16 56 268 130 160 206 224 279 284
650 16 64 76 95 99 112 116 140 150 165 190 249 296
490 17 37 234 107 245 118 209 62 71 96 99 124 149 253
1040 40 73 22 173 263 93 18 140 246 245 165 210 195 150 152 214 265 285
2990 18 58 258 169 50 175 45 193 222 283
1360 149 135 147 151 180 216 223 249 257 260
1210 37 22 46 64 195 218 251 180 68 133 93 163 187
750 14 18 51 70 71 50 154 178 180 22 135 31 45 186 90 124 158 165 221 234 290 300
1830 57 201 130 9 117 168 186 173 78 105 158 196 220 221 257 290
1820 76 54 94 58 250 115 265 121 16 116 124 147 161 188 201 246 251 255
500 14 22 31 75 188 87 52 244 96 119 158 168 182 204
500 59 181 198 107 1 227 36 211 169 205 66 116 153 155 172 240 242 251 278 281 289 298
1930 42 54 133 201 243
590 5 12 83 16 245 37 284 244 158 72 216 86 109 145 167 210 247 249 263
150 25 89 167 137 140 30 181 138 272 15 39 258 111 131
340 201 154 192 205 151 228 81 265 146 101 140 152 157 207 216
2520 16 41 61 214 109 70 286 271 82 90 62 120 294 125 240 274 173 167 23 124 127 257
1390 21 29 41 54 68 212 126 171 121 184 113 120 219 243
170 43 185 7 149 158 187 211 214 255 272 290
1490 216 102 77 66 54 82 81 105 115 158 169 251 294
2190 59 62 65 221 121 263 172 34 30 155 296 53 169 222 205 110
20 14 56 66 260 131 155 95 261 273 77 22 285 105 141 161 253
710 11 54 79 99 62 148 138 73 58 150 113 139 140 149 155 161
1080 33 54 279 218 113 115 120 141 155 197 209 226 256 273
2500 116 160 133 185 214 239 256
510 43 44 61 101 110 295 249 242 184 222 145 209 226 99 25 88 186 293 117 155 165 200 258 269 274
1770 3 268 76 1 186 24 114 131 134 179 193 216 250 251 260 269
2610 67 82 91 115 138 129 133 282 290
780 4 11 52 73 78 224 111 133 174 181 187 295
420 41 63 96 25 265 73 39 117 93 71 32 111 30 222 202 116 31 75 213 131 141 225
640 2 12 31 49 105 77 246 225 100 19 125 131 245
2160 20 109 177 60 108 133 51 166 47 208 183 246 169 207 19 39 94 152 181 247 249 257
290 7 12 65 79 128 81 42 266 282 49 113 121 136 170 200 260
660 55 151 102 74 97 112 127 103 274 47 294 155 186 197 250
2460 19 65 232 273 106 155 237 121 161 206 258
1060 18 33 89 107 231 188 190 28 99 183 134 10 287 11 103 194 63 30 284 198 200 201 209 211 253 296
1060 79 104 109 180 81 261 242 91 163 208 207 62 252 89 66 68 149 221 258 298 300
680 15 88 109 190 164 219 128 63 105 267 77 200 28 119 144 226 268 289
1320 24 49 55 82 251 192 128 217 274 241 252 263
80 72 244 249 117 90 127 182 196 223 259 275
1080 96 174 27 169 68 228 103 160 97 211 172 195 283
1810 3 23 57 89 97 100 146 114 266 203 112 151 186 269 272
210 7 148 175 52 45 15 55 125 178 223 227 241 290 292 295
1020 15 55 65 263 226 294 183 277 63 276 43 129 130 132 141
1960 13 18 157 248 170 87 31 180 138 89 242 42 96 294 43 196 82 234 263 285
2420 1 3 7 38 56 76 96 15 79 220 68 16 78 110 171 280 195 177 189 146 148 23 122 198 43 154 216 133 293 130 185
1450 23 37 42 56 65 97 156 192 28 222 153 157 173 186 234 271
280 2 44 74 113 119 28 11 161 96 72 209 212
1110 22 43 112 117 118 213 79 39 144 179 152 176 268 294
1460 5 17 55 219 239 107 56 123 261 206 234 202 132 140 152 217 221 257 276 292
940 19 34 40 74 88 267 134 27 284 3 125 192 123 190 38 80 183 213 210 30 23 225 268 298
1350 20 101 294 70 110 149 7 109 174 209 51 171 94 163 226 61 106 235 78 243 159 161 217 273 295
160 30 248 65 63 44 174 245 123 274 129 185 196 219 268 277
340 64 86 111 125 107 140 257 26 213 12 160 104 244 258 92 63 232 181 108 199 141 226 230
1830 25 44 45 57 115 130 178 52 36 13 148 106 70 299 201 163 166 193 196 200 206 264
2620 18 22 85 87 143 62 156 61 205 193 21 176 209 218 246
2060 16 68 71 186 147 112 209 257 161 73 197 195 221 226 292
210 94 251 192 284 139 162 175 189 191 208 246 249 256 258 276
2680 22 36 54 94 102 107 124 284 50 64 252 260 195 184 140 151 219 235
1930 32 43 74 102 36 49 137 141 144 252 264 279
1110 27 77 83 94 133 129 165 182 138 81 188 277 237 226 158 102 63 95 147 159 196 219 230 232 240 244 249
2220 133 139 123 72 109 2 25 205 103 74 236 101 159 254 189 192 207 264
1970 3 16 36 79 186 180 266 292 300
2100 71 77 135 170 214
2360 29 45 46 128 289 184 32 117 139 169 42 30 172 180 152 175 196 206 215 225 262
2070 45 61 105 93 176 56 160 172 64 287 187 232 184 258 150 166
2230 16 24 25 37 61 95 121 125 261 193 60 157 159 160 191 211 223 290
300 8 32 42 58 70 136 140 85 164 171 252 231 14 89 148 150 165 194 200 213 227 257 295 300
200 37 45 59 66 71 102 122 125 134 267 218 264 147 173 207 230 266 271
2590 85 131 62 251 102 291 98 259 116 82 246 54 13 150 154 182 196 216 220 228 256 272
2900 5 102 6 42 145 22 147 81 196 3 197 149 174 75 54 226 83 214 281 289
2090 16 34 39 62 73 75 95 113 85 177 138 121 160 164 181 193 199 233 260 273
480 7 46 62 68 295 95 194 83 254 128 129 144 111 19 3 200 216 219 271 276
2090 29 44 69 72 126 30 207 91 197 160 253 158 203 267 276 292
1550 34 39 51 87 95 125 149 227 271
1480 66 74 100 101 114 113 91 51 35 102 48 105 261 103 288 250 210 272
460 126 135 28 236 300
300 55 124 286 95 146 61 224 250 126 292 159 161 262 271 283 289
1230 32 93 140 197 87 153 88 229 292 98 298 90 165 4 99 13 220 269 251 161 170
2070 17 141 157 187 140 146 170 131 254 72 207 36 247 196 276 283
570 104 120 133 145 153 223 151 24 162 80 77 146 211 165 44 7 62 163 175 206 270
1800 45 56 127 136 157 102 15 101 75 58 1 170 265 131 89 114 7 282 158 287 264
1060 61 160 72 26 16 278 68 47 41 218 40 137 2 226 167 169 185 192 275
2070 46 116 131 176 36 75 134 86 254 20 188 160 19 293
2590 41 117 147 63 42 258 151 172 190 170 200 240
710 11 83 140 158 160 283 55 81 87 195 105 281 147 271 171 173 194 256 266
2510 13 27 36 68 111 195 230 286 54 145 134 188 291
600 7 11 68 94 96 251 70 271 61 206 93 162 168 209 232 272
10 41 75 88 90 292 296 215 287 171 203 72 20 167 169 173 178 195 201 233 278 282 293
1550 27 84 91 100 111 120 144 238 19 212 197 168 162 186 233 99 210 232 253 291
490 7 124 159 161 42 269 237 294 112 158 278 182 164 69 143 283 50 211 276
20 44 97 125 131 147 168 268 165 16 36 289 177 240 253 258 275 295
2200 3 8 46 68 100 120 144 145 164 75 91 17 202 232 247
1130 40 43 83 88 96 168 55 283 281 165 126 181 148 175 193 253 255 266
1480 34 60 120 131 132 150 108 5 23 192 294 239 227 236 247 271 293 295 298
1090 7 53 84 122 177 144 235 137 30 221 210 192 160 62 43 204 208 173 197 224 250 251 265 292
1750 3 33 67 145 163 226 128 34 77 135 260 189 258 182 232 294
2910 18 28 51 71 111 125 151 171 175 57 17 261 271
1810 37 61 71 87 134 51 246 168 268 183 122 232 253 300
1650 42 57 61 68 128 232 48 43 5 106 214 248
540 86 87 116 124 144 142 85 13 267 41 46
780 12 29 32 61 91 94 133 173 151 186 222 108 111 234 193 28 225 263 275 286
610 23 36 140 170 187 176 263 57 149 210 261 40 233 119 215 250 266 90 242
2560 5 31 72 77 111 115 123 130 178 9 211 225 258 272 278 285
2460 6 36 51 97 105 138 144 145 212 297 295 76 66 59 243 8
1350 5 11 21 29 74 98 22 269 260 162 104 132 125 35 193 275 293 295
670 33 77 79 87 88 105 106 136 142 169 181 121 22 113 249 290 215 126 200 279 297
840 34 145 159 182 29 62 108 268 98 225 86 26 250 258
2160 90 115 140 163 241 214 166 200 39 41 89 197 261 272
2250 24 31 57 125 176 137 141 245 197 271 290
1020 39 115 117 130 164 208 81 276 45 192 206 289
290 1 16 17 18 51 137 146 214 59 198 272 39 212 245 250 251 277
940 18 57 60 65 95 118 126 130 137 174 175 190 141 162 208 214 239 253 273
1310 2 11 31 51 135 146 181 134 106 151 185 233 213 289 27 84 173 203 246 257 260 286
1140 10 71 74 115 152 147 211 289 165 262 217 219 234 241
2500 11 24 36 53 83 86 125 138 165 166 136 6 66 26 168 197 235 72 120 226
1150 14 124 150 159 210 140 41 200 8 88 144 119 35 11 149 132 134
2500 22 27 38 136 150 153 158 169 195 276 175 113 188 268 76 189 103 223 242 243 281 298
2880 23 91 125 191 204 295 1 115 228 214 230 290
1390 68 133 255 73 209 151
190 15 117 188 196 3 164 242 115 152 288 147 134 112 12 278 261 246 186 105 258 207 214 226
2140 33 88 95 134 205 252 242 115 26 75 289 298 92 89 168 202 206
2740 18 21 38 67 109 129 69 257 172 201 254 208
710 121 168 2 193 153 290 217 244
130 9 16 21 45 79 175 198 247 90 271 298
1630 3 91 95 100 135 141 201 56 214 51 210 239 254
1640 38 71 129 167 134 114 276 80 190 293 214 245 201 250 54 144 227 160 285 241 257
440 2 59 111 116 153 159 13 287 148 252 217 47 37 4 58 33 278 141 289 200 262 30 95 295
1280 69 72 111 116 175 190 5 60 192 202 137 210 214 262 279 287 294
420 6 63 82 105 131 136 199 167 115 2 248 103 127 135 216 224 267
2180 1 83 130 169 175 182 196 33 28 93 215 205 208 299 155 270
3000 12 69 91 120 160 170 194 115 63 286 146 98 183 213 283 294
1920 71 97 169 184 61 271 280 191 127 62 237 74 226 58 219 260 282
2030 109 128 130 133 193 147 46 211 36 215
820 37 51 69 96 188 191 205 206 260 4 83 264 208 262 192 198 179 143 258 244 98 150 278 104 200 233 275
2710 15 16 18 22 71 168 182 186 210 275 58 240 64 228 56 213 144 247 260 263
2760 7 22 42 79 93 99 125 85 209 286 149 152 40 106 35 243 95 225 240 272
860 29 53 118 207 194 129 281 285 297 78 289 292 34 131 36 28 203 248 251 257 277 290
2100 33 75 86 103 148 162 236 135 79 259 233 17 246 288 290 300
960 51 117 129 24 235 138 97 17 212 41 140 238 68 132 194 22 152 271 298 232
1570 24 40 125 158 273 88 31 149 289 286
830 1 100 175 72 136 226 129 116 79 88 3 87 275
2270 27 79 100 105 109 126 181 84 274 260 278
2810 43 160 146 279 122 263 85 197 119 280 284
2270 9 42 108 157 175 209 297 293 80 76 73 17 234 239 277
1740 45 59 77 110 187 144 183 14 267 181 130 293 109 216 232 253 263 286 295
1820 49 105 123 131 140 150 162 176 212 221 103 200 136 68 50 195 48 117 133 237 229 253
900 69 91 206 147 174 257 56 284 250 154 282 122 18 253 269
1380 51 59 63 95 120 198 215 243 149 23 238 240 251 269 272
390 60 158 45 19 24 226 253 283
1850 166 6 140 245 235 148 62 257 133 198
1580 115 147 22 48 232 283 8 265 278 288 290
640 114 133 145 179 231 140 172 178 253 219 27 225 167 15 169 176 233 261 276 277
2430 25 69 71 73 169 182 193 218 232 168 151 296 18 214 250 274 277
2990 37 40 42 49 56 77 82 129 181 290 291 9 126 124 87 224 275 277 194 18 26 294
1340 66 131 175 195 219 230 138 61 290 295
2910 34 62 141 218 42 174 156 265
2600 27 114 140 170 212 226 266 281 270
1360 27 32 33 66 169 219 271 279 228 249 281
690 20 129 174 224 53 205 192 59 50 104 278 23
640 17 23 96 215 246 49 164 228 5 171 216 58 298 271 91 140 269 281
650 188 78 194 122 118 206 276
460 22 42 45 56 105 116 124 200 201 182 71 91 54 247 197
2530 33 34 131 184 216 228 97 19 197 92 272
110 71 90 93 119 133 214 203 140 248 253 264 268 271 272
1040 4 22 38 43 82 83 93 132 189 206 230 110 191 275 268 296
2780 18 43 83 110 111 149 178 200 240 193 266 89 137 135 218 52 278 27
2220 14 38 57 62 65 159 204 242 21 267 93 215 48 172 174 111 260 266 298
2130 19 66 124 132 209 217 77 276 179 260 244 271
1470 53 79 105 119 186 74 137 85 140 111 49 294 93 238 284 253 81 26 267 278 298
1900 43 89 155 157 182 206 227 63 113 187 267 233 106 175 16 191 67 280 298 300
2330 42 86 118 137 149 158 167 77 228 99 89 217 191 17 16 175 106 91 275
1210 36 116 138 147 201 207 139 118 34
1260 18 41 64 65 153 232 249 101 29 225 115 178 229 227 82 171 31 28 244 192 63 277 169 226 173 38 256 260 266 298
380 19 67 141 152 159 163 202 62 205 281
2200 45 74 199 89 294 284 98 20 173 262 256 264 298
2310 17 22 54 264 253 24 103 255 104 46 149 257 165 137 266 279
980 41 51 133 136 202 227 230 256 193 111 96 88 217 63 36 206 85 129 147 273
2920 28 45 84 94 133 145 164 176 200 214 187 137 73 39 265 116 183 273 171 281 105 60 13 114 2 292
2100 33 51 55 72 149 218 119 3
2830 26 69 101 138 176 185 214 248 215 212 247 112 253 85 42 151 222 106 193 64
950 27 101 116 129 146 155 182 200 177 232 281 73 188 55 14 264 292
1220 2 33 194 207 214 255 144 208 157 75 283 292
840 16 41 77 83 100 123 182 223 225 57 215 93 280 181 296 292 118 124 6
1240 6 40 148 214 256 161 77 141 74 255 134 51 244 9 139 46 261 272 273 294
1540 39 79 89 95 109 161 231 258 290 175 266 236 83 68 298
1760 14 18 33 77 112 121 182 237 246 265 281 256 247 253 173 165 142 148
2380 22 38 117 130 148 180 225 247 250 249 9 288 27 209 51 153 42 291 274 294
2550 31 69 78 80 106 171 178 187 197 128 245 244 117 132 130
400 44 158 170 185 121 228 240 64 106 105 15 227 28 275
1010 41 55 237 160 74 210 53
1950 43 96 165 167 212 219 238 240 248 157 278 177 154 30 148 174 75 3 152 244 189 204 126 280
1990 37 49 79 94 191 274 228 149 15 17 264 47 64 243 98 216 183 23 244 121 155 188 75 67 167
1690 101 114 220 258 192 151 257 131 2 103 264 34
2830 15 33 96 113 118 132 222 272 74 233 105 267
1690 6 32 62 215 234 245 251 119 214 269 37 162 16 185 181 221 49 297 171
1920 6 13 123 190 197 206 248 241 129 232 159 153 137 170 152 31 280 292
850 54 58 77 123 140 234 253 233 224 232 217 191 132 281
1490 42 162 170 200 207 214 239 246 271 222 58 168 183 70 249 289 290 76 91 231 284
1900 2 26 29 74 103 223 238 208 186 73 139 43 256 80
910 5 52 69 125 212 263 37 6 276 223 271 250
1260 31 165 173 217 237 258 261 266 240 290 238 11 150 277 294 254 197 91
1500 21 45 55 112 161 227 107 212 51 168
500 7 43 165 170 173 231 157 262 84 120 211 229 69 6 159 294 300
580 8 12 41 54 93 115 130 137 138 227 249 255 17 80 278 223
2460 4 36 68 69 101 206 217 55 62 74 124 31 183 83 23
590 4 96 157 166 211 216 181 220 225 15 193 295
1890 41 61 73 75 80 115 145 161 168 207 31 208 8 15
940 5 17 54 155 200 267 231 13 218 289
2330 43 45 144 171 193 194 201 207 217 220 278 288 117 150 48 68 50 157 19 91 34 8 74 190 298
160 186 203 234 265 278 281 235 23 107 98 198 231 87 218 217 42 88 146 122 189
1370 33 46 149 234 267 166 169 73 37
990 8 25 59 157 158 168 217 263 24 142 153 122 129 175 136 258 261 69 262 276
3000 26 43 45 105 125 206 224 225 185 168 174 58 163
1360 7 9 25 96 113 123 124 131 170 174 249 255 281 283 176 71 267 264 50 35 234 211 46 99 70 208 128
510 8 20 75 105 152 184 198 225 108 131 147 286 122 171 67 207 235 174 185
90 6 47 100 168 233 263 115 81 245 41
2920 34 44 184 217 224 275 186 31 57
1320 11 21 55 58 158 201 219 240 197 253 38 54 30 116 255 204 265 174 250 249 62 130 9 91 247 289
2770 45 79 134 210 73
1940 147 87 116 72 283 156 178 250 142 218
0