300
1810 251 220 160 155 126 202 129 296 275 268 280 253 119 169 100 47 291 108 45 18 74 94 95 96 148 152 153 172 182 203 227 247 249 258 286
350 268 122 279 214 8 10 17 34 53 93 98 108 130 141 146 156 161 175 198 219 246 251 253
1240 245 261 115 63 104 175 60 211 84 137 40 28 165 132 231 129 191 53 95 123 127 140 156 203 241 250 254 276
1800 95 57 65 270 123 168 254 40 104 155 77 202 289 110 14 141 75 217 266 51 13 220 27 28 136 284 10 64 97 125 143 192 203 219 222 290
1350 277 239 44 32 160 271 82 280 37 225 22 23 36 47 49 114 196 231 250
270 200 63 130 109 22 37 55 62 103 183 191 198 214 219 238 243 248 282
2170 152 23 216 163 109 67 226 175 65 140 186 14 27 42 86 127 146 147 164 171 191 214 249 300
80 30 112 54 106 40 79 270 272 2 132 148 127 39 139 71 184 280 55 67 104 121 122 128 137 176 191 209 242 247
1940 293 57 54 76 183 282 191 199 270 265 215 96 181 261 284 263 29 211 50 53 239 10 35 40 60 81 82 93 129 161 166 206 217 249 267 292
1740 191 252 9 148 263 117 199 193 152 112 2 209 116 34 153 108 230 224 104 4 80 268 47 54 68 82 122 132 138 156 157 159 178 182 184 196 207 218 256 269 275
2760 66 44 153 49 208 289 41 288 106 99 160 167 222 265 23 27 45 83 84 93 102 109 242 251 275 299
1700 212 296 175 132 288 240 38 249 193 156 245 15 92 110 127 185 190 235 273 285 300
1090 4 271 169 34 80 104 108 118 131 167 168 199 227 228 230 239 251 256 264 290 295 296
2100 4 60 289 7 192 121 237 223 172 206 179 25 293 234 70 51 58 85 101 108 130 143 193 212 263
1540 137 256 64 185 97 96 129 90 12 180 209 22 24 67 167 196
100 85 137 176 157 100 54 145 84 212 196 257 93 18 21 48 81 96 99 104 107 110 146 229 279 280 281
1620 211 169 183 2 200 42 109 116 146 225 249 257
1800 269 175 27 30 229 1 16 233 299 174 185 287 75 32 122 172 45 236 167 132 111 137 202 220 227 232 234 244 265 284 291
70 166 23 141 164 128 74 291 190 146 207 224 83 96 218 101 159 266 236 241 118 122 149 35 41 81 171 172 214 269
1930 66 285 213 219 37 41 80 90 106 125 139 140 189 257 267 278 294
680 132 146 16 55 42 72 195 161 221 23 37 47 91 142 150 158 169 171 183 198 207 227
1350 62 270 214 27 124 174 30 143 271 23 60 150 103 6 71 26 162 206 5 15 135 251 153 34 38 41 78 91 95 127 152 165 185 227 228 269 288
1710 7 19 22 5 82 275 260 85 103 60 121 155 51 114 11 267 207 120 194 163 203 70 21 66 146 296 192 119 116 88 213 25 291 165 233 239 71 257 94 151 212 157 81 87 124 160 202 210 219 244 266 284
1710 192 15 70 56 80 231 178 67 85 124 187 270 65 113 71 83 104 108 126 145 175 189 235 266
560 14 23 171 141 62 248 42 107 51 207 73 173 30 68 71 74 115 156 175 176 191 221 241 282
1620 22 58 286 264 59 60 189 233 104 78 33 50 54 109 123 127 148 162 209 222 228 234 238 243 245 275 279
280 4 18 22 82 123 241 78 131 174 223 11 7 196 281 40 47 65 116 127 136 148 181 185 212 237 272 297
2350 3 4 247 289 64 30 33 41 80 86 100 131 134 174 201 244 267 299
1220 9 178 173 206 58 61 119 122 146 151 159 160 163 220 229 237 250 299
2760 8 18 22 282 66 25 165 111 220 254 96 264 28 170 43 194 272 101 32 34 62 98 125 162 166 181 195 223 230 238 284 298
960 143 162 245 285 287 146 39 110 48 295 118 47 56 89 91 121 138 152 155 161 163 165 185 216 225 236 238 289
940 5 18 261 50 47 30 42 71 108 132 147 166 168 195 202
910 28 26 135 299 275 115 68 70 97 118 121 148 178 202 259 266 272
2080 10 211 90 285 275 2 256 215 249 133 166 279 237 95 109 13 155 30 111 88 22 122 115 232 132 190 228 294 187 59 76 134 142 164 177 182 200 209 242 251 257 258 259 272 277
2590 192 199 19 132 226 184 150 45 239 53 9 292 183 37 47 51 58 62 71 76 88 108 109 110 232 234 236 237 273
2770 96 120 296 286 173 50 164 144 219 152 177 249 89 285 162 254 190 223 121 5 65 176 237 234 191 110 159 71 74 78 92 98 158 198 230 236 238 261 291 299
670 5 227 21 38 72 219 204 35 6 295 20 119 246 46 114 218 45 40 61 101 108 120 121 190 242 251 254 263 278 284
1540 12 37 270 83 197 90 112 135 297 272 267 277 188 275 22 203 67 72 194 68 121 124 129 173 179 182 185 244 263
1430 8 31 102 169 197 178 42 78 86 115 118 132 140 142 177 207 216 269
1620 3 4 8 37 27 210 90 293 152 158 9 206 148 183 274 54 68 70 92 120 156 179 253 259 266 275
930 11 20 22 46 181 268 83 28 271 280 191 235 239 260 231 122 112 87 64 127 19 60 70 117 126 137 139 218 228 248 250 252
800 21 25 63 175 183 75 215 39 135 46 50 128 17 106 72 120 243 7 232 292 271 191 32 56 91 116 126 141 147 173 185 189 198 199 242 246 259 269 280
2810 30 62 93 144 265 158 283 64 77 79 104 121 129 142 145 165 187 214 243 269
1700 5 11 288 267 126 248 102 149 109 223 266 56 63 82 100 143 163 206 226 252 259 262 270 300
2750 1 18 35 37 11 186 211 91 172 177 208 210 218 219 222 295
690 37 41 42 238 227 218 98 121 169 54 71 172 183 203 233 241
450 1 10 32 136 97 121 294 21 35 145 5 146 27 31 137 189 60 93 96 178 186 195 207 209 259 271 278
730 31 297 252 16 235 281 67 95 122 156 175 211 284
1660 11 257 285 172 67 217 229 53 213 176 5 141 61 86 96 106 148 198 261
780 9 32 36 42 211 26 202 164 80 112 101 248 207 185 175 110 297 60 122 51 57 58 63 84 88 121 159 204 225 227 271
2250 4 23 25 172 288 284 35 97 161 171 14 167 198 94 259 82 50 104 59 63 80 114 126 143 276 285
2840 69 73 90 125 131 142 152 169 172 178 179 190 198 208 221 248 264
2280 9 35 49 247 106 292 3 128 176 2 175 79 108 122 124 141 146 152 264 288
1840 8 9 16 220 268 62 10 58 40 233 261 26 283 83 46 237 104 182 187 206 242 251
2530 21 112 164 258 262 115 6 64 121 77 98 292 8 76 78 285 251 219 81 86 113 119 132 142 153 187 189 190 203 236 241 263 297
180 24 31 111 182 113 155 104 127 251 121 144 44 288 147 247 145 256 86 80 207 177 169 42 237 70 95 106 112 195 211 238 243 262 266
1110 4 9 216 187 133 185 190 50 142 260 191 108 122 59 64 68 81 84 95 106 107 194 211 227 264 274
460 26 54 79 29 252 113 120 200 91 50 178 14 154 218 35 115 72 62 96 246 78 86 90 99 143 150 164 175 177 181 224 226 251 275
2130 26 125 226 98 258 96 272 162 166 51 264 34 194 281 57 139 86 90 220 84 222 238 248 254 284
1830 3 14 22 23 26 50 246 171 9 41 170 47 238 76 102 131 141 142 206 220 261 289
1430 49 29 103 104 37 174 134 156 115 244 254 190 74 76 84 139 148 207 209 230 261
1500 22 25 43 54 58 68 90 178 220 84 143 65 119 156 208 155 30 157 35 103 6 76 110 120 169 256 285 288
2210 3 6 42 290 50 44 273 51 164 242 196 82 127 143 161 170 226 263 300
1510 15 28 41 43 55 79 157 285 273 115 172 4 78 57 168 272 98 113 134 152 162 169 186 209 226 230 237 239 250 278
1970 4 7 24 36 62 243 207 263 145 139 198 66 27 123 129 150 180 190 228 252 285
2050 11 20 23 30 65 209 279 242 130 152 190 267 271 288
1630 7 24 38 49 15 220 91 274 48 260 199 291 193 252 221 8 248 178 205 267 95 122 126 140 145 159 162 176 183 211 225 272 276 287
1310 38 62 40 126 297 137 57 149 226 10 167 164 25 33 78 96 111 122 161 177 195 198 204 244 248 259 261 266 269 272
700 140 120 230 243 151 52 103 157 205 75 237 267 184 193 98 71 80 85 115 152 197 204 222 276 278
1350 14 23 24 56 40 33 41 262 121 112 119 147 152 201 259 270 288 299
2730 8 22 23 223 188 207 98 32 124 175 112 265 36 130 113 173 46 237 35 201 190 220 25 192 144 196 24 238 69 294 262 255 129 158 159 186 195 212 263 279 281 284
350 21 37 38 42 58 99 158 178 198 200 203 225 232 257 271 284 287
2820 25 52 229 101 237 166 172 97 299 100 226 130 89 99 142 151 169 170 177 223 259 262 293
570 19 298 36 61 1 197 229 161 25 178 91 126 220 234 246
380 4 18 42 69 82 199 242 175 87 122 88 89 96 98 125 126 173 178 183 198 205 206 243 284
1280 9 55 60 179 190 141 95 61 275 34 108 156 62 35 107 105 106 109 110 159 188 201 219 220 226 228 257 290 293
2440 4 55 180 298 168 43 144 141 231 233 79 99 104 119 133 146 200 203 226 284
2750 26 27 55 64 268 22 80 164 127 58 36 246 82 287 68 135 39 129 249 86 115 120 126 144 148 153 156 161 176 187 242 280 284
1250 8 58 64 77 191 212 297 153 294 53 188 246 260 126 87 134 43 204 280 194 119 122 174 182 291
1590 10 24 50 56 78 258 51 193 262 228 28 69 259 13 229 291 20 178 117 206 196 133 88 91 109 115 127 131 162 200 226 271 278
350 263 225 9 84 206 57 160 19 113 87 200 220 202 125 23 55 16 129 279 108 276 86 96 121 142 145 193 205 227 230
690 5 23 27 51 75 78 44 10 9 242 108 126 268 102 136 159 63 129 185 291 89 171 173 208 223 230 234 237 286
940 19 38 41 54 162 253 257 199 88 24 96 112 116 215 179 11 256 90 129 132 198 264
2410 3 16 62 81 57 129 11 246 202 59 61 50 210 159 88 87 90 96 107 124 172 234 241 250
2400 16 23 24 221 69 14 192 184 91 101 115 118 121 130 261 277
1790 56 59 78 172 58 28 55 124 256 81 116 180 49 39 7 115 140 219 229 236 281
910 41 75 79 81 235 84 282 23 206 134 290 111 279 94 106 123 126 183 207 222 224 243 244
1640 23 34 83 84 75 118 178 193 246 127 258 50 208 188 222 136 275 274 80 119 257 116 140 286 35 168 190 106 115 125 146 171 192 230
1040 36 225 248 73 276 82 98 31 267 272 261 119 75 244 100 112 114 115 124 128 183 202 257 282 287 296
1610 15 34 38 40 59 62 58 208 249 84 20 119 52 298 287 142 232 105 83 156 280 129 125 176 91 99 104 127 162 167 251 257 261
1540 58 67 80 102 42 45 263 113 211 31 266 22 107 111 85 267 221 90 288 21 237 132 74 122 150 108 126 127 151 161 171 226 238 285
620 12 198 108 183 116 238 40 196 36 150 279 289 209 236 237 290
2560 16 43 2 123 202 47 200 260 169 11 9 296 112 142 161 175 222 228 232 288 291
1540 23 51 1 205 285 87 122 162 191 202 236 249 279 291
60 4 34 76 3 22 150 289 56 157 67 262 1 239 57 48 120 122 130 139 163 169 170 174 260
2130 9 15 19 30 36 58 59 83 231 100 68 84 285 124 280 292 250 199 47 279 177 81 1 16 98 49 188 75 219 116 109 115 165 229 232 242
2430 15 47 51 73 194 208 212 122 33 4 289 202 298 182 186 209 221 269 273
1360 46 55 59 69 71 89 96 30 227 75 64 123 2 168 196 221 124 142 36 188 109 127 162 170 200 223 251 259
290 11 156 294 243 58 155 211 73 166 90 108 117 16 77 72 240 115 118 133 186 204 225 227 278
160 1 16 73 96 121 200 89 124 28 212 172 170 185 44 138 164 257 222 181 163 117 130 161 168 218 219 286 300
1280 19 30 50 73 240 162 245 177 14 178 215 85 151 107 37 105 131 141 159 166 187 189 218 242
2150 39 44 82 91 159 11 225 121 60 124 139 153 167 183 200 226 251 252 278 295 299
2560 22 23 61 62 69 202 6 198 210 106 115 139 165 181 203 232 279
120 3 4 10 26 51 56 61 270 124 244 197 13 8 16 161 107 43 253 77 24 90 152 271 220 54 126 151 154 190 200 203 260 280 281 289
740 90 287 210 213 76 188 234 273 101 266 151 224 149 183 184 222 227 229 249 254 264 269 277 292 299
1270 8 11 42 53 298 87 57 20 56 153 286 76 294 49 88 103 132 136 143 145 189 266 269 295 299
2410 25 76 91 101 104 114 215 123 142 258 255 254 199 129 84 270 16 57 267 226 201 206 138 110 124 127 217 225 241 245 251 288
1090 1 10 57 76 81 82 92 99 13 37 219 131 35 208 149 272 282 24 32 264 111 14 278 2 91 53 217 165 243 177 123 202 222 186 110 128 171 193 226 227 269
1370 6 7 34 44 80 141 98 96 11 35 163 114 244 254 277 142 127 275 17 26 206 133 76 250 152 158 172 175 191 211 299
2110 4 31 36 50 221 107 35 12 128 183 275 263 76 108 259 62 299 186 270 16 145 114 116 118 121 222 237
700 30 34 56 87 91 108 212 68 18 118 150 156 198 200 257
2480 8 10 38 41 50 55 71 83 70 89 253 258 215 93 238 186 56 274 209 118 142 155 177 178 180 193 225 237 241
1620 24 56 58 71 81 91 64 55 120 199 200 207 208 236 278 279
660 23 37 107 109 110 5 130 176 148 51 157 89 117 136 181 185 191 230 242 246 267 284 286 289
2330 3 33 34 55 58 61 64 99 86 103 80 78 210 162 143 202 85 88 89 192 170 150 148 298 129 203 39 128 25 280 69 123 96 131 188 233 257 278 295 300
1740 10 23 83 86 88 92 96 27 17 232 42 110 273 160 127 128 211 226 237 249 250 282 283
2760 10 80 99 41 247 208 238 100 275 268 114 140 142 145 162 219 298
2910 19 31 88 33 85 166 110 13 207 112 274 111 39 294 99 128 138 176 178 182 226 237 251 295
440 1 23 37 62 88 89 90 214 152 29 131 70 55 79 136 77 161 165 270 141 146 159 198 250 277
2050 23 36 42 58 69 95 113 62 78 37 263 40 128 189 123 159 171 166 168 184 277
2250 14 23 36 46 47 55 56 70 100 102 285 198 226 217 43 33 38 228 31 110 297 206 149 81 276 140 170 292 223 37 264 8 50 85 219 288 290
2700 2 18 19 34 41 50 57 75 91 97 253 79 10 67 140 68 29 48 95 127 249 190 94 193 8 53 153 148 250 292
2730 4 27 65 93 98 107 108 115 120 3 26 87 134 287 154 206 174 150 191 203 217 225 226 245 249 257 286 293
630 22 24 71 86 96 98 100 104 166 89 141 220 257 223 208 288 38 53 84 296 102 107 136 23 178 128 132 142 148 192 200 263 264 293
930 59 81 90 30 20 88 4 52 181 247 146 228 75 284 232 171 251 259 261 288
640 1 44 68 79 82 91 257 51 240 183 104 24 41 67 228 167 75 147 78 242 42 74 135 87 149 182 191 223 237 251 263
2850 8 41 56 78 88 109 122 91 27 12 116 263 183 3 7 80 26 107 137 63 203 22 204 98 288 206 90 262 250 153 190 192 212 214 251 296 297 300
880 19 42 53 110 115 120 118 297 284 116 159 163 124 89 191 198 8 170 108 211 132 135 161 179 200 201 230 243 251
1070 1 3 15 78 81 82 84 90 107 115 195 65 9 83 298 266 278 38 248 137 43 284 293 275 171 208 71 133 149 132 145 147 187 225 254
2360 6 71 73 114 174 258 146 14 222 100 95 218 297 283 250 85 66 2 136 133 143 149 159 165 169 177 182 229 238 241 242 289
1720 27 108 119 193 197 149 154 52 13 151 28 164 203 115 244 273 101 185 60 222 160 80 136 145 184 200 210 245 287 293
1000 3 8 12 18 21 34 35 91 248 245 252 228 241 265 129 39 166 10 124 128 234 213 83 203 296 32 153 289 106 55 138 142 182 198 230 266
1020 34 57 80 109 129 240 99 77 130 146 175 227 241 254 271 276 278 292
470 61 79 87 123 28 235 163 181 135 203 64 34 171 264 188 229 278 285 286
930 22 33 38 42 78 126 134 128 298 287 256 171 172 175 200 214 219 230 234 259 279 281
1470 4 47 82 88 119 124 130 114 27 184 106 131 140 169 178 179 204 250
1800 3 15 16 47 68 127 129 8 41 141 197 18 273 175 286 169 163 171 201 221 223 236 256 263 264
2640 100 107 132 288 280 254 166 31 10 118 199 141 174 188 191 220 237 249 267 281 290
2920 8 59 65 256 230 41 103 227 20 221 95 102 61 299 148 150 181 223
770 7 69 88 121 122 225 218 260 136 67 269 281 117 20 86 213 172 154 39 3 183 206 250 263 289 295
1570 4 19 25 49 76 77 109 124 137 138 101 53 42 167 2 60 258 287 214 283 119 149 170 220 225 253 274 297
40 57 90 98 107 109 163 206 253 112 55 271 73 124 81 175 60 132 240 177 93 39 52 117 191 143 252 43 34 21 161 192 207 208 249 284 297
340 22 31 62 115 142 229 186 220 265 213 167 44 252 262 255 14 285 130 106 178 169 295 4 51 58 158 63 263 202 207 225 276 290 299
1920 36 43 56 71 77 293 261 185 258 269 78 280 184 203 204 209 254 282
630 16 47 56 65 110 295 81 129 131 24 67 106 163 117 148 43 151 171 196 250 252 262 276 288
1470 19 21 23 31 47 125 130 2 17 7 193 88 239 163 296 77 29 133 53 119 16 298 181 198 152 161 162 202
1970 56 126 219 129 195 7 32 70 42 168 169 170 220 225 257 289
2710 8 10 40 114 115 145 292 1 262 205 139 27 261 78 217 187 210 240 298 223 33 26 254 291 61 276 192 232 122 49 124 269 277 281 285
1100 19 44 68 108 121 129 131 299 141 278 294 233 105 227 130 126 156 164 179 181 214 220 261
100 22 35 91 92 95 115 178 298 234 65 283 163 58 111 21 139 176 174 155 123 182 152 198 209 263 273
1560 23 69 101 105 131 104 73 91 145 29 177 201 250 257 265
1410 7 10 36 40 104 119 66 179 150 1 207 52 164 199 285 53 109 178 274 69 167 251 254 146 70 216 22 31 64 295 224 171 186 201 209 232 265 279 290
2710 10 11 22 79 106 122 132 55 251 1 216 78 127 102 226 227 266
200 58 123 131 140 104 191 199 243 246 248
2840 1 4 23 34 56 62 99 150 112 264 31 297 266
2080 12 61 62 76 90 99 149 169 180 2 10 48 111 3 284 179 78 25 264 40 160 189 201 216 257
1120 16 23 62 64 69 95 114 169 165 183 10 271 167 207 228 245 259 290
2060 40 43 143 21 258 253 71 109 225 232 272 72 36 281 162 186 202 249 255 280 284 286
1620 19 36 82 84 102 120 128 191 101 10 67 50 71 29 76 251 186 223 280 119 254 130 171 210
2340 1 5 11 81 116 131 161 156 29 165 279 23 253 197 277 241 194 249
1190 21 51 74 104 119 160 182 128 91 227 31 263 2 187 146 9 93 100 259 142 68 63 279 230 197 78 172 184 191 200 206 217 218 222 225 276
1430 22 31 36 59 83 101 115 237 241 64 189 259 146 247 94 170 158 98 243 180 254 90 67 117 30 26 80 222 167 198 206 220 250 252 278 284 286
1020 7 23 100 109 128 134 142 145 146 150 193 137 277 95 44 29 179 31 174 176 198 220 234 252 266 290
3000 19 36 50 55 63 68 78 100 131 152 7 196 149 58 249 34 213 182 230 236 241 251 257
220 3 23 30 108 119 157 160 43 130 177 103 22 31 293 287 254 244 96 189 209 225 249 263
1110 19 34 59 73 99 118 120 124 132 138 32 189 280 9 30 185 256 238 271 213 101 169 181 190
2340 11 18 51 68 126 141 143 152 232 174 157 162 267 13 90 15 285 102 260 182 188 206 222 229 257 259 265 266
2160 4 64 77 88 98 32 147 13 239 254 234 209 120 169 100 189 195 206 243 245 291
2710 1 13 17 39 46 56 93 137 143 156 157 168 52 213 166 218 95 62 21 198 234 194 73 64 136 147 174 248 173 130 245 180 207 223 254 282
520 30 60 100 115 121 128 162 262 141 242 281 63 95 226 181 73 221 236 147 98 286 248 276 251 183 176 222 209 214 225 230 266 278 296
200 25 51 60 120 129 134 188 276 181 194 287 91 135 82 145 235 108 296 88 159 125 233 19 7 21 137 152 177 189 190 228 241 247 250 259 273 279
1440 14 18 49 51 64 73 86 100 140 204 219 179 211 229 46 109 227 19 269 45 263 225 84 52 135 161 1 177 206 207 209 242 265 288
2260 25 29 36 71 169 287 38 216 266 75 267 82 42 206 209 257 259 281
2290 18 22 27 61 123 130 150 167 169 138 262 95 268 163 228 285 28 79 252 181 245 286 291
770 3 7 12 18 42 50 53 71 75 137 142 252 294 271 246 2 25 135 93 24 230 58 188 109 133 198 48 221 225 254
1630 16 36 49 53 90 114 150 170 67 118 25 78 264 8 163 236 225 267 188 221 227 230 262
850 36 56 96 101 108 142 165 39 298 239 68 130 286 34 112 193 151 172 73 208 171 58 207 45 202 227 261 295
190 24 29 39 58 62 67 74 80 88 101 124 143 150 152 75 136 10 112 47 72 216 33 118 181 52 277 199 207 209 259 290
1310 14 76 83 152 156 163 172 128 40 52 233 136 247 38 293 257 212 186 149 203 230 259 264
2410 15 77 86 156 162 112 169 207 65 279 198 214 263 277 278
1940 9 41 100 125 134 146 170 171 178 139 30 27 174 277 207 196 291 149 245 103 114 191 252 166 58 198 210 227 230 243 260 269
530 56 150 161 54 233 219 1 34 230 164 212 118 167 130 268 126 187 208 10 132 97 206 38 79 184 250 288
1250 9 17 35 40 42 92 110 126 127 157 170 102 228 67 259 140 288 87 298 46 235 227 220 105 6 267 75 21 89 226 255 294
80 8 35 69 85 136 223 10 182 131 273 144 161 105 120 186 225 227 230 297 300
970 15 18 50 57 82 100 131 144 166 114 22 12 194 38 42 27 31 190 214 242 243 248 251 265
2970 7 45 108 110 112 143 159 179 152 47 224 99 214 296 191 285 64 184 240 97 71 207 158 279 201 234 236 261 278
1990 24 34 57 148 161 182 188 267 78 217 280 213 218 55 129 54 212 274 291 43 101 215 219 246
1840 38 71 79 88 96 98 105 171 175 187 138 134 76 258 167 176 272 115 223 235 266 267 282 296
2270 26 47 120 162 166 20 211 279 42 24 168 156 250 55 165 171 101 106 296 228 262 265 290
1530 19 34 36 57 61 71 76 88 122 127 65 166 104 37 274 193 55 12 185 171 215 66 52 269 197 198 244 265 285 289 290 297
2330 3 9 10 36 41 42 57 79 128 142 159 181 186 94 138 161 123 8 114 7 154 6 232 109 126 25 201 230 270
2930 14 23 24 35 71 85 115 148 283 142 124 229 247 127 276 295 198 88 249 4 207 211 217 221 257 258
2600 10 12 67 69 80 88 122 131 146 163 177 190 215 14 198 243 249 267 112 240 108 81 226 201 232 281 289
410 23 30 38 59 79 97 160 169 171 185 57 196 209 238 245 276
590 21 129 147 205 252 236 288 47 68 168 268 281 56 30 71 238 282 32 253 199 203 279
2220 16 27 63 71 80 92 98 164 181 145 10 15 194 247 5 272 201 203 243 254 271 289
1540 38 39 74 104 131 137 160 161 271 226 69 190 203 208 217 220 222 225 255 257 291 299
2060 51 65 92 103 121 128 146 169 175 180 192 193 49 296 42 250 271 21 6 36 199 162 190 75 83 111 132 285 68 232 181 119 2 239 150 72 163 52 230 200 205 217 218 248 249 259 264
2410 9 10 35 67 75 83 96 107 138 152 198 195 13 220 113 178 266 42 154 288
1480 6 17 58 81 93 100 80 72 102 104 34 113 135 265 198 111 77 279 98 131 124 128 161 217 289
2190 71 107 186 156 191 70 137 258 152 193 76 263 196 223 254 242 128 28 151 243 252 207 218 239 249 260 284
2340 1 4 50 81 84 93 97 103 108 115 158 32 143 232 146 233 219 236 94 270 18 269 177 230 217 246 264 33 23 241 89 204 210 223 243 263 267 295
2610 23 38 115 127 131 132 134 1 77 237 72 179 123 104 4 211 46 195 197 103 3 217 55 196 205 223 144 268 243 260 294
10 37 79 127 172 136 202 235 253 254 50 69 68 230 99 144
2960 67 69 94 148 195 203 81 198 232 75 257 277 290
2030 14 22 29 40 80 81 87 107 109 121 123 127 142 173 182 161 167 215 44 75 245 295 172 140 54 168 162 9 60 228 230 250 257 278
2780 19 23 25 50 56 65 71 118 152 177 180 181 186 143 219 142 209 192 169 217 227 113 291 157 178 21 250 287 87 10 61 216 39 172 201 47 226 257 281
2770 11 62 88 90 97 108 117 124 129 177 182 267 113 45 241 52 197 142 82 209 223 233 254
1840 10 15 66 112 168 170 207 34 26 152 92 8 97 218 61 150 173 194 165 172 208 144 64 178 47 246 261
500 40 84 103 105 115 148 241 291 254 23 131 181 202 45 159 225 230 262 273
1050 3 9 17 34 45 50 91 99 128 172 189 203 109 56 116 289 57 192 292 287 298 48 67 214 244 252 267 271 279
360 12 16 23 79 97 100 111 179 182 187 127 14 223 27 71 221 236 259 277 288 292 295
1170 20 23 49 105 132 140 143 164 166 169 187 295 297 276 226 252 259 262
1460 2 22 119 141 180 186 170 242 19 281 270 7 251 6 135 185 211 127 218 149 43 222 224 225 259 262
2590 9 34 42 83 101 107 112 190 193 206 230 187 228 253 259 262
2050 7 57 152 153 173 178 207 31 39 156 221 231 248 254 255 269
1440 4 49 108 121 148 187 202 203 207 9 192 221 228 107 161 123 200 197 198 226 279
1520 19 37 46 58 130 140 169 187 209 214 285 45 201 161 101 265 198 10 100 231 221 236 257 41 229 230 233 267 288 300
1980 20 36 37 55 96 108 147 172 182 202 207 258 121 86 242 4 280 23 117 45 2 187 135 220 6 251 273 271 76 221 100 295
1590 1 4 30 54 59 62 67 71 81 104 124 143 183 199 219 60 280 147 163 141 18 74 149 138 237 197 162 76 29 236 245 251
2990 21 67 85 91 98 110 139 170 217 218 219 242 25 175 251 97 52 297 226 212 216 176 228 137 259 192 232 241 280 290
2070 11 88 100 108 130 131 162 170 161 245 105 4 45 69 214 197 249 87 93 110 59 236 167 26 227 288
1820 14 27 36 44 71 121 124 148 159 184 201 203 212 139 247 98 73 202 267 208 188 137 169 82 30 126 278
1060 10 19 105 152 186 87 252 58 214 243 249 290 293
290 5 81 89 102 140 158 172 176 165 141 17 147 129 256 107 99 143 67 298 268 72 170 123 292 175 50 210 260 161 197 184 112 31 214 230 251 264 281
850 7 35 59 68 73 107 121 170 193 197 221 153 108 207 283 285 213 292 116 91 217 44 244 76 63 58 264 80 279 241 64 261 123 77 102 270 183 118 299 237 286 297
2400 37 46 98 139 149 161 172 183 207 184 18 81 298 1 176 108 287 153 177 256 22 21 133 181 267 50 278 105 13 222 284 99 57 259 269
620 34 80 121 125 126 132 174 183 206 217 221 93 65 285 291 245 13 26 241 260 236 280 215 41 157 76 248 189 22 171 232 237 239 246 250 257
2380 18 49 73 74 80 143 172 192 293 262 29 167 16 231 86 218 134 130 96 105 300
1230 10 69 139 161 175 182 198 202 204 215 164 279 176 191 114 267 170 132 293 88 248 81 13 36 184 128 210 61 30 179 225 282 64 82 135 206 218 246 181 238 251 254 290 291
2270 3 24 41 77 96 218 229 216 5 237 251 262 280 284 288 290
2320 34 42 90 116 125 148 158 167 191 198 202 205 252 259 96 275 93 72 193 228 152 271 35 103 18 221 241 258 266 277 292
2090 18 23 26 54 77 149 171 179 182 202 208 115 46 218 247 254 259 263 268 270
1230 14 36 105 132 150 168 169 248 26 288 82 74 135 186 84 163 35 18 261 263 300
2270 41 48 87 134 171 183 204 188 24 294 261 12 288 236 287
2160 18 19 170 176 195 202 218 222 228 94 55 36 164 186 35 220 86 255 113 92 137 212 31 235 271
1340 14 34 36 54 56 69 71 73 91 162 203 220 273 254 112 245 110 226 64 35 27 242 275 29 118 231 126 82 92 295 228 116 138 293 296
2470 46 60 71 92 112 117 166 195 194 36 230 6 252 130 272 261 30 26 59 56 91 31 246
200 5 9 23 35 41 95 146 168 177 198 228 13 278 64 201 270
2950 12 99 101 126 133 142 148 186 193 252 257 261 272
2880 19 27 132 160 162 202 208 210 226 228 232 275 133 164 112 3 221 46 84 55 107 130 25 171
2830 63 66 75 82 126 170 201 214 219 221 237 78 185 8 275 114 34 96 11 291 130 172 54 37 101 265 42 274 276 282 299
1150 42 65 69 99 108 162 193 201 75 224 254 168 268 185 203 288 181 285 26 287 128 202 6 43 196 87 154 56 245 261 270 278 296
440 61 89 104 109 131 165 226 211 28 87 190 268 23 18 68 38 292
1300 3 12 31 101 132 169 181 206 222 228 237 157 26 168 250 286 131 107 243 174 123 246 194 220 269
1790 37 58 60 78 79 84 88 175 202 230 245 238 268 288 74 228 187 154 42 114 209 256 2
1070 28 53 56 117 125 162 179 192 196 223 233 1 8 171 249 254 267 288 293
790 25 44 50 67 89 129 132 169 170 228 230 234 198 41 6 267 59 68 185 263 52 154 216 249
2400 12 34 36 78 90 122 164 192 193 222 265 158 138 116 291 9 123 165 248 257 7 160 201 198 142 94 247 1 224 105 17
1100 96 109 127 130 189 198 207 245 136 119 256 3 145 5 64 228 162 206 116 41 29 84 171 140 151 182 122 273 288 289
2800 1 22 55 56 152 153 159 170 214 219 221 13 34 126 164 54 98 128 90 37 107 118 230 231 127 58 125 289 260 225 102 11 185 2 220 252 261 276
1730 10 48 58 67 132 142 143 174 175 181 195 201 224 232 238 44 162 282 102 145 41 261 65 163 211 251 240 213 258 269 285
1170 1 83 104 112 122 142 158 160 195 204 40 215 2 141 256
2430 4 30 36 61 107 109 138 148 152 159 162 165 168 201 204 210 237 243 129 233 247 3 288 169 216 37 59 105 272 175 230 133 261 144 273 208 196 276
530 71 107 143 236 158 197 183 216 256 275 280
1970 15 34 56 83 86 135 139 166 225 227 246 250 10 13 253 62 137 259 255 264
1900 16 23 49 83 88 100 124 126 179 218 249 20 17 89 156 115 90 205 111 151 123 76 72 207 197 206 167 228 34 192 147 173 164 240 288
1990 55 59 80 88 107 112 130 141 144 158 188 201 219 252 279 297 34 1 232 192 275 289 295
870 51 80 110 161 162 183 221 232 256 227 167 281 213 215 173 125 34 157 33 42 198 73 44 284 40 214 178 98 47 298 283 212 171 68 179 233 135 70 292 275 278
950 23 41 57 67 79 93 140 167 225 228 251 104 181 95 203 276 201 278 284 297
150 3 9 32 54 89 144 148 226 235 238 252 254 85 282 61 186 149 234 289 68 209 125 177 90 36 251 243 60 286 49 285 240 287
860 55 70 71 80 95 127 143 148 170 174 229 73 266 189 210 44 231 176 215 214 145 56 213 281 291
2750 9 10 65 81 91 110 120 127 143 161 172 201 248 124 14 55 140 295 234 63 282 126 267 150 297 137 265 165 233 180 277 38 37 202 71
1960 26 30 59 108 121 134 155 156 176 202 226 13 57 137 276 275 53 225 83 124 105 179 289 256 198 52 284 279
290 9 11 43 71 132 143 200 218 242 249 263 18 189 152 167 190 151 172 185 272 273 278
1970 4 19 44 91 105 129 173 199 262 232 56 163 23 40 279 155 273 106 188 167 33 132 170 275 153 68 24 267 286
390 23 38 44 67 69 89 91 107 167 173 176 183 187 193 208 223 227 230 248 263 218 247 138 114 282 211 9 66 266 28 202 188 20 272 278 300
160 1 2 10 41 54 78 82 117 174 182 195 203 225 243 244 246 233
850 18 140 144 172 190 202 39 68 227 19 181 10 148 252 105 245 290 106 97 22 42 108 277 216 43 287 292
1240 4 8 9 22 24 38 104 107 110 119 202 214 226 191 70 243 233 239 44 277 284
470 5 13 22 41 42 104 142 157 166 175 197 198 219 232 72 80 50 196 287 47 211 66 133 236 289
2950 8 30 38 59 64 89 108 158 188 196 238 254 265 27 240 267 33 68 34 67
1260 63 64 105 116 131 137 184 219 237 254 266 150 97 35 265 250 12 171 210
1140 40 67 88 112 118 152 187 190 57 141 242 280 291
1670 1 23 33 34 38 76 88 109 110 117 129 232 237 241 242 264 266 259 58 10 11 40 255 258 26 276 292
1660 81 89 121 148 170 171 192 213 254 260 264 67 51 3 161 242 145 143 275 69 251 194 133 286
540 5 38 109 160 163 178 181 263 269 85 180 119 148 288 212 232 120 205 105 270 34 295
2420 108 129 149 227 239 102 223 265 64 267 20 260 170 186 243 37 47 80 115 133 296 162 206 259 180 134 113 99 69 299
1570 2 34 66 81 87 92 96 160 161 180 186 189 200 226 230 258 266 94 103 217 135 152 113 26 71 195 16 211 264 171 293
2010 1 5 8 41 79 90 96 115 138 144 159 166 187 219 220 228 158 255 16 42 221 104 78 274 231
2750 27 48 59 140 158 170 195 214 259 287 71 193 225 173 104 295 297 262 148 138 207 16 135 86
1440 9 30 87 108 195 230 252 261 263 267 6 144 116 25 242 89 188 169 297
2920 43 54 130 141 150 192 226 259 116 292
2020 4 9 51 125 128 129 156 227 259 264 23 78 162 18 30 77 75 37 72 142 158 231 114 270 71 260 59 48 201
400 20 31 34 36 49 55 64 94 96 121 143 152 167 174 186 198 218 226 228 243 261 51 91 148 252 12 190 65 294 62 134
1390 26 36 88 106 137 170 177 245 261 134 82 123 174 114 266 158 100 1 162 226 276
980 18 31 78 90 105 123 135 141 165 171 173 207 211 227 243 271 281 269 89 67 131 289 261 72 235
2340 11 12 44 51 56 91 124 127 138 183 195 234 235 243 246 254 277 22 70 231 212 93 257 62 199 218 66 222 145 172 107 182 250 125 53 247 121 290
910 4 11 14 28 92 95 97 132 211 251 261 264 287 104 114 271 200 60 258 250 130 196 140 31 193 147 190
2470 63 87 269 4 138 157 231 121 299 178 205 163 221 13 92 190 224 76 189 152 288 230 143
600 1 19 23 67 80 82 148 181 187 207 210 228 242 249 197 230 79 36 93 18 94 274 174 168 262
2320 35 42 53 55 96 121 148 211 225 226 259 9 212 105 122 269 244 232 133 283 275
1070 9 14 40 129 144 165 179 229 230 123 131 224 124 237 73 76 247 279
760 34 47 71 79 99 106 118 149 175 235 285 20 183 203
2240 31 37 143 145 152 192 206 213 237 263 281 140 258 219 177 13 212 102 106 115 202 118 45 277
1590 1 12 23 36 93 124 132 146 171 186 189 198 278 237 13 188 127 243 89 170
2360 38 48 50 68 79 121 128 130 155 213 221 258 263 281 142 260 226 55 184 127 282 27 190 141
2630 74 77 90 97 106 115 129 135 146 148 150 177 183 211 225 227 259 117 30
400 18 33 73 110 139 149 226 290 11 105 242 36 278 143 109 106 28 197 70 102 29
2360 184 229 44 115 7 12 218 63 234 267 127 100
300
2810 141 284 3 39 254 290 59 235 205 133 297 90 16 21 98 123 139 159 162 177 227 229 237 239 287 291 296 300
620 21 177 208 233 279 234 201 55 57 67 99 158 213 214 230 247 257 263 269 271 274 289
2010 1 224 243 227 131 269 267 291 69 75 101 14 51 58 123 191 221 289 293
1850 119 46 118 24 247 171 264 91 206 268 285 101 256 126 208 284 180 5 149 17 21 40 50 67 97 112 129 159 163 168 187 210 216 220 260 280 283
2570 4 81 249 146 51 125 141 149 162 168 188 197 201 225 228 238 280
1870 139 275 89 23 154 36 113 216 254 93 270 26 225 157 15 295 175 31 33 39 52 58 71 77 146 150 170 204 206 236 242 245 247 264
1880 289 131 49 270 55 292 243 67 70 94 96 103 111 114 123 153 168 216 237 241 248 265 296 298 300
970 26 160 49 220 33 122 295 221 75 87 9 77 106 118 178 186 212 217 235 238 245 268
2800 237 91 172 89 186 137 8 180 158 12 165 86 119 125 128 140 187 205 212 233 244 254 256 265 289
560 19 188 29 57 258 12 44 66 85 137 143 194 206 241 246 260 271
300 106 16 205 194 62 149 17 156 229 45 108 130 165 214 223 237 238 242
2620 9 132 113 99 10 131 142 199 72 20 25 34 37 79 130 173 223 233 234 266 273 293 298
1110 73 114 273 272 75 292 30 63 92 112 121 196 201 224 230 235 240 282 284 290
990 40 125 281 3 112 170 36 17 121 22 33 51 53 65 78 103 108 159 230 248
1470 6 220 140 130 230 77 283 60 293 82 209 102 222 96 179 36 198 116 16 19 81 98 124 125 145 149 173 204 232 235 237 276 300
980 11 291 249 48 1 123 127 15 257 26 74 93 98 99 126 130 140 151 191 197 223 231 248
2420 11 14 173 126 213 27 288 271 50 162 266 108 61 4 252 51 116 236 159 214 207 259 231 28 70 77 78 92 155 189 238
480 21 96 235 272 296 150 40 101 130 240 293 295
1660 10 176 208 15 77 100 261 144 228 248 41 200 192 25 35 51 52 55 69 70 103 121 178 212 219 227 241
1360 187 262 212 241 54 12 247 172 94 63 69 77 126 167 168 227 234 240 266 273 280 298
1730 2 18 168 112 297 110 291 52 75 55 165 269 185 40 1 287 25 4 155 272 28 106 94 37 72 101 108 109 137 151 153 169 187 193 237 281 289
2200 14 71 257 28 40 46 51 103 114 127 136 138 221 222 225 271
250 6 86 277 156 266 184 285 66 88 150 56 85 247 113 69 27 146 159 203 217 239 275 282 287 299
1850 4 289 32 43 49 64 104 108 128 152 194 235 236 238 249 280 282 296
2540 21 94 79 233 156 291 158 131 126 237 155 214 78 292 274 12 171 127 120 283 198 123 226 135 186 259 82 38 143 28 228 19 173 66 115 122 140 190 217 221 298
1480 6 8 277 274 93 124 147 289 16 49 52 77 78 111 128 130 140 149 169 198 220 224 245
2300 17 30 73 227 23 191 108 224 291 279 92 59 49 51 78 130 140 190 271 298
2520 21 25 50 87 136 220 89 31 196 64 51 265 208 53 278 114 255 188 269 245 207 236 22 17 169 183 294 289 108 118 126 132 149 221 282 283
2410 10 299 212 31 33 34 47 122 127 172 173 249
1430 27 78 108 122 230 50 66 259 13 68 125 138 150 173 215 235 273
1570 28 195 200 178 205 63 146 6 135 116 288 149 258 282 163 198 122 29 138 35 55 56 59 84 104 111 133 186 208 228 233 242 247 271
740 209 262 119 42 248 293 254 199 205 265 290 24 150 47 63 108 143 187 235 238 240
1070 8 14 136 274 228 72 39 29 195 6 57 98 99 125 130 141 159 169 223 230 245 267 275 297
800 272 132 145 255 287 173 110 211 90 139 205 54 267 158 181 99 282 250 291 12 252 161 29 283 44 59 140 199 206 230 233 274 285 297
2840 103 140 220 254 104 291 100 188 68 205 31 259 19 53 224 38 36 86 148 185 190 195 198 212 239 241 249
1490 6 14 15 191 102 85 35 132 43 260 257 94 109 118 130 138 153 154 177 201 217 219 238 241 281
1980 256 190 107 55 197 118 151 53 112 227 93 92 12 138 21 251 100 279 82 87 103 125 160 164 194 205
1320 25 35 257 235 251 210 97 123 79 111 135 145 146 150 170 174 183 189 206 223 231 269 273 291 293
2120 1 33 231 294 108 97 188 6 111 234 44 67 77 79 115 118 124 126 132 136 263 274 279 289 299
380 14 18 21 22 4 232 272 144 100 89 56 276 43 57 69 70 133 138 162 193 213 239 258 296
1330 19 143 176 293 49 109 53 69 92 112 124 138 149 181 213 241 245 287
960 32 156 50 51 57 67 71 121 132 136 149 162 166 169 188 189 191 249 268 296
1490 36 278 165 40 24 244 70 252 67 134 158 78 117 126 138 160 167 172 206 222 282 285 293
2890 227 39 280 155 10 132 103 187 74 84 101 275 34 81 135 153 177 181 192 228 242 259 262
880 113 11 94 123 143 170 118 126 225 83 248 64 282 115 108 81 206 268 140 181 212 234 235 243 283
1480 4 120 22 76 82 91 93 127 130 168 180 181 234 287
1630 29 65 254 219 209 141 32 155 248 90 208 298 56 69 70 74 140 147 153 223 241
2590 16 143 227 281 117 196 109 59 64 74 82 136 138 167 174 240 283
2780 7 8 41 159 26 99 178 275 62 260 149 249 98 27 24 196 153 256 61 101 110 111 122 217 245 293
1250 17 28 30 97 42 271 114 164 4 158 224 140 292 275 161 163 148 51 69 82 99 117 135 137 141 159 198 206 217 219 223 240 264 300
2430 17 28 22 216 63 27 156 3 257 5 270 144 236 19 242 14 56 42 279 124 288 158 152 269 50 154 167 143 148 159 176 187 233
300 21 224 19 237 252 179 6 285 291 26 186 174 135 72 74 96 110 120 140 158 178 226 239 244 266 281 282 290 299
250 28 35 37 188 246 72 41 217 14 168 100 57 59 105 138 215 220 238
2710 20 34 98 61 69 103 115 126 128 132 147 180 201 217 291
2230 7 21 37 31 103 133 197 169 288 115 100 127 79 2 209 142 225 93 19 163 180 294 182 87 124 78 120 153 171 184 228 238 242 293
2020 23 40 51 141 280 278 277 185 221 31 47 233 212 67 223 210 142 92 99 118 139 187 200 237 281 283 299
2440 10 246 278 40 199 53 160 2 137 283 96 82 136 156 63 245 42 33 78 145 120 264 92 277 159 69 85 98 102 105 140 165 168 178 223
2750 163 279 75 6 3 98 137 166 189 224 235 245 272 273 278 300
2540 1 27 94 211 124 186 31 206 170 242 48 171 280 135 68 53 122 34 165 151 71 78 84 98 108 116 121 168 185 235 274 296
1860 15 68 114 62 96 112 118 130 132 194 200 204 230 238 282
2390 17 119 66 270 185 299 49 217 251 179 54 197 155 188 198 77 78 102 107 108 113 121 141 189 212 232 262 266
1340 11 49 123 214 210 132 60 69 78 83 93 124 133 138 154 186 213 216 293
1230 31 51 57 188 271 32 272 20 179 13 113 104 65 69 70 82 114 187 214 277 298
560 28 45 265 283 24 112 237 287 175 92 272 291 289 157 48 169 187 206 267
2830 47 225 85 14 63 291 67 78 101 110 138 140 161 162 178 220 257 260 261 279 280 298
1920 23 25 30 61 289 10 162 164 142 139 84 93 118 126 131 188 194 201 230 249 262
1250 7 43 56 229 231 155 42 2 89 95 227 39 65 267 168 144 121 276 4 69 98 102 119 127 151 156 171 223 241 273 277
1310 35 59 60 283 108 187 166 214 30 69 87 110 118 130 148 163 192 195 200 217 242 265 271 290 293
1370 3 23 57 204 237 54 123 62 68 20 267 132 148 19 41 163 110 67 262 160 279 138 126 263 233 79 287 40 50 242 210 176 273 63 47 101 120 76 82 122 129 135 143 159 165 166 171 173 206 219 222 261 266
1560 43 144 232 264 17 215 40 297 201 7 180 19 178 92 185 63 258 236 163 72 47 88 108 115 125 130 137 149 170 188 189 223 271 290 296
250 22 59 213 6 42 114 95 272 75 235 236 85 141 187 229 281
830 12 33 53 70 21 251 278 160 183 197 211 194 113 206 52 105 139 141 145 149 180 198 209 216 228 297
2170 13 27 126 80 237 99 151 194 203 213 274 288
2630 44 289 130 16 126 253 47 238 97 185 164 278 171 52 48 133 92 127 134 140 143 153 154 173 223 272 293
1280 3 8 13 21 58 71 99 169 145 85 160 205 80 87 92 121 133 170 223 233 256 270 277 293
1760 46 69 165 228 222 110 119 168 176 209 241 245 279 287
1400 15 19 107 173 278 8 145 174 39 291 26 61 17 6 20 232 95 106 144 159 160 177 188 208 219
2490 25 30 57 280 204 17 197 59 222 218 143 107 210 274 83 177 227 161 159 65 61 234 27 162 43 62 93 26 183 275 55 108 14 273 262 252 80 119 126 200 206 238 243 271 297
110 25 55 69 98 39 113 169 228 256 281 254 90 103 38 12 105 121 299 161 207 289 294 199 110 114 122 206 267 271 277 280 286
880 73 78 130 115 206 232 75 106 133 136 165 181 213 214 280
300 5 45 83 284 102 250 261 44 121 15 275 153 214 288 255 168 111 115 123 124 159 219 277 282
2080 15 25 57 165 48 69 158 262 89 116 178 143 90 273 146 46 240 50 97 186 224 63 37 161 91 114 119 120 128 136 159 164 180 191 269 277 280 289
1500 45 78 81 192 160 62 85 99 108 109 114 166 170 200 201 204 230 241 259 265
2020 44 155 109 278 31 66 113 59 115 154 170 171 198 212 214 293
2290 23 36 65 75 10 203 179 57 71 83 293 185 165 280 202 272 131 151 101 121 178 206 209 227 228 246 291
1250 23 35 285 109 176 189 9 194 93 108 115 117 168 178 198 206 212 216 237 290
2780 8 28 55 68 213 125 147 37 131 219 186 75 273 251 296 170 152 96 119 120 136 204 212 228 260 269
890 23 70 196 225 179 161 106 108 119 138 147 153 190 228 238 260 277
380 6 9 28 40 67 82 168 253 240 149 163 164 197 205 224 237 255 277 298
2820 1 34 47 79 82 208 159 162 270 115 126 138 198 261 263 264 268 271 280 298 299
2190 4 9 82 46 287 106 146 169 224 273
290 27 37 57 64 70 95 56 13 157 279 226 101 75 17 41 74 221 270 217 237 153 281 107 119 140 158 170 186 246
10 6 26 37 55 78 86 279 159 131 262 152 245 281 66 16 289 285 46 62 100 98 132 254 296 232 231 181 102 141 212 227 252 270 273 284
280 20 21 25 45 59 98 263 162 236 152 214 205 36 239 159 165 176 197 296 117 267 7 293 177 179 217 228
270 67 71 92 106 129 77 166 174 108 122 126 165 178 186 204 242 253 288
440 15 18 57 140 236 60 157 241 172 170 151 203 179 285 107 7 87 52 128 143 127 228 240 252 255
2440 38 39 50 74 82 286 299 4 212 113 148 200 169 129 137 186 191 245 290 293
2120 49 54 79 93 94 227 57 121 59 124 292 224 1 122 108 16 140 67 200 215 58 15 172 144 137 236 159 242 135 255 233 33 114 131 222 243 249 250 259 289 295
1360 12 34 49 75 100 2 73 56 195 188 204 272 179 33 115 294 287 186 148 265 153 83 260 50 234 16 108 114 136 149 150 197 247 261 268
1600 19 35 37 40 53 55 93 99 172 175 292 115 130 151 227 233 262 280
80 3 4 44 69 92 85 217 107 223 49 18 176 280 228 245 21 65 222 110 149 189 197 226 239 269 278
1830 15 36 81 57 67 210 185 93 222 148 284 161 61 279 106 113 125 134 153 155 158 206 252 268
420 35 44 55 79 299 142 54 22 189 14 148 37 172 19 7 136 139 176 250 281
1760 35 63 24 31 279 161 247 106 163 168 187 195 198 228
430 79 57 53 298 172 72 259 167 241 226 267 108 114 140 195 198 204 205 227 235 287
200 11 21 95 138 231 240 200 125 160 207 196 80 8 102 91 109 88 104 139 77 275 133 135 159 168 172 192 206 211 277
960 37 77 78 96 101 219 92 275 61 147 151 161 242 256
1380 17 27 30 39 45 68 78 98 128 234 21 224 242 99 269 161 182 181 240 209 83 24 180 216 249 285 59 111 28 32 70 282 241 188 210 86 299 14 243 105 88 297 61 253 95 11 112 118 126 129 142 153 170 199 238 276
570 41 48 84 86 106 181 177 21 83 190 36 170 252 126 158 162 217 223 285 290
130 21 34 69 68 267 146 266 174 180 181 49 79 272 221 253 263 161 76 228 138 195 183 289 65 208 52 101 249 118 129 140 142 143 168 231 232 265
1830 39 81 108 145 7 125 193 135 38 242 31 271 224 231 49 237 26 154 112 140 156 159 166 173 203 212 219 223 238 280
1960 14 21 37 64 242 227 270 128 265 111 41 13 142 4 108 60 119 124 146 165 256 260
1120 6 12 23 45 63 72 79 84 97 279 102 61 142 183 294 118 128 136 138 151 204 227 238 242 246
1020 13 28 50 60 71 98 241 246 83 79 63 198 291 192 214 206 274 215 293 235 249 82 194 268 105 7 22 99 121 136 184 201 205 216 223 263 271 277 282
240 45 55 80 99 291 253 295 90 154 187 217 149 271 231 81 25 100 84 280 158 70 275 86 54 270 252 196 268 258 143 39 117 122 160 177 215 222 273 277 283 288
1880 15 17 31 82 155 177 212 59 119 286 117 123 153 154 173 191 238 245 271
830 48 94 189 116 267 252 279 50 232 185 86 43 115 280 118 126 159 161 178 198 249 265 274
890 4 37 45 113 178 283 108 66 110 282 117 274 28 290 56 263 60 230 286 8 39 257 36 256 260 68 245 146 187 198 232 259
2370 4 32 61 116 76 151 257 156 78 243 87 120 67 82 134 92 112 207 197 236 88 9 232 279 143 223 287 295 300
210 25 46 57 69 119 224 137 52 143 179 87 170 228 55 260 82 208 213 273 123 153 186 187 200 204 222 244
140 14 67 79 81 98 228 124 61 232 19 271 42 194 171 114 230 245 144 13 134 280 75 282 172 59 85 129 140 192 197 223 225
880 8 30 31 59 98 95 142 29 151 79 25 115 218 202 134 186 69 193 49 133 147 157 159 161 207 264 271
2350 16 25 38 45 62 69 280 120 230 3 1 143 160 116 7 81 239 127 158 184 242 266
2380 26 51 55 59 98 121 15 280 164 293 158 198 81 197 62 232 283 168 185 264 41 39 112 241 137 151 184 187 199 252 257 278
2990 14 87 106 111 15 33 284 30 70 226 280 9 259 150 180 241 5 37 147 131 179 102 126 128 129 130 143 159 162 206 212 220 248 255 282 285 290
1980 4 17 25 45 69 73 74 196 117 54 90 125 178 78 248 39 16 191 132 28 108 208 204 43 218 137 20 285 66 215 109 145 141 95 163 197 217 219 234 237 247 256 290
220 16 25 55 123 282 222 29 22 46 96 182 157 191 74 274 143 67 171 129 130 141 154 167 205 213 237 261 268
1240 96 108 112 243 54 24 234 82 299 113 248 9 217 125 26 257 246 148 181 184 211 220 237 268 295
1080 95 121 271 253 218 273 110 211 108 125 165 127 69 97 4 298 181 284 263 279 141 162 169 239 240 300
2820 15 74 80 207 213 125 60 218 262 36 11 70 16 292 46 221 223 68 100 18 234 127 26 33 27 194 12 131 137 160 185 233 248 256
1210 3 7 12 25 85 87 93 125 66 164 226 215 276 143 268 130 186 292 98 139 140 184 233 252 260 266 280 282 290
500 12 34 36 44 62 69 93 126 39 161 182 198 149 54 199 28 42 60 170 135 155 173 191 211 212 278 294
1280 1 55 74 296 291 122 80 134 220 241 219 40 75 222 158 106 62 31 148 166 199 200 235 236 238 242 248 265 268
2430 43 119 121 122 133 141 238 260 175 196 288 264 229 102 74 163 241 235 231 144 152 173 178 224 227 233 251 276
1070 25 31 52 59 98 111 181 38 187 231 286 177 44 235 50 292 132 226 106 69 136 214 233 267 296 298
840 28 33 57 114 207 252 175 285 103 22 42 39 212 113 48 87 152 80 135 99 277 190 82 146 187 193 206 219 232 258 279 290
2200 9 57 98 120 126 21 279 184 178 124 50 152 249 58 10 70 285 97 130 151 186 256 145 158 180 187 242 268 271 284
2580 31 37 69 106 110 62 195 43 53 90 36 157 225 48 30 22 254 88 113 231 213 297 178 40 65 41 170 184 200 235 241 256 284
20 6 34 66 106 72 131 56 103 197 294 1 141 149 243 206 215 230 237 262 293
920 15 35 50 96 98 57 52 105 285 121 150 27 155 26 9 16 92 131 274 110 261 45 153 25 217 230 65 200 291 111 267 282 144 34 142 181 47 74 212 156 163 235 242 251 266 298
2400 1 47 56 126 134 139 147 71 5 127 245 129 231 202 268 72 93 208 61 281 50 254 241 282 33 188 154 290 292 183 238 210 144 155 185 217 220 228 275
2360 12 55 56 66 103 112 113 122 140 294 229 110 160 181 166 108 154 177 190 195 224 248 290
1160 25 41 45 48 78 82 96 115 120 123 127 131 188 32 69 51 205 243 10 110 74 125 119 212 165 172 178 191 228 264 268 283 298
2020 19 40 51 67 70 98 121 140 225 77 240 141 262 293 134 158 159 161 193 242 276 287 298
2400 34 57 75 77 111 126 280 276 161 218 137 172 38 152 243 15 72 188 150 151 159 163 204 245 252
740 5 31 82 110 118 216 230 112 38 136 23 91 6 154 265
50 26 87 125 141 107 122 254 208 235 175 193 54 230 150 183 47 88 159 170 215 228 243 287 298
1450 50 69 97 99 102 103 156 167 170 280 241 238 133 219 51 172 128 68 35 189 203 153 197 204 225 227 237 245 251 260 282
1500 4 11 31 49 115 132 139 26 28 99 162 175 5 42 278 70 294 269 181 156 101 41 263 89 164 15 249 72 159 194 209 253 276 296
2080 18 23 32 125 140 147 99 214 282 279 30 6 154 232 38 145 168 164 192 205 245 256 268
290 37 59 85 96 119 122 137 179 73 67 211 161 124 100 107 21 187 145 16 113 221 240 245 283 294
1100 51 87 93 94 136 137 145 24 248 134 213 225 239 241 243
470 49 81 92 99 140 21 193 47 36 116 249 108 225 102 7 204 223 260 74 44 55 148 120 203 88 251
240 6 51 111 115 141 142 150 280 195 299 116 36 62 221 219 224 268 146 127 284 84 249 179 74 193 203 253 275 278 285 291
670 21 25 44 47 61 67 84 116 140 132 102 185 141 269 202 241 284 17 246 171 169 194 200 215 267
2070 11 23 25 42 51 57 119 140 148 149 264 182 67 111 249 163 179 206 242 247 263 287
720 6 64 92 96 127 138 203 220 122 227 239 172 234 242 255 268 279 287 293
750 9 25 34 43 50 51 82 115 124 133 144 52 123 178 2 172 109 92 188 137 102 165 177 195 197 214 224 257 268 271 290
810 17 49 57 78 90 93 94 98 77 23 223 33 175 147 106 50 144 243 214 81 288 279 222 164 184 251 69 270 149 14 145 82 122 258 254 51 4 189 117 111 192 213 1 185 235 125 163 209 231 294
2980 8 57 69 72 75 83 106 123 142 77 251 173 225 221 115 174 130 37 43 163 165 198 271 273 275 284 289
1610 34 50 78 79 82 88 102 104 108 110 132 145 151 260 183 181 267 122 280 178 242 177 223 107 117 249 144 65 235 182 190 230 240 293
290 17 66 78 90 94 149 243 222 40 240 193 218 65 1 5 274 109 194 125 299 129 221 42 172 204 180 181 188 191 197 232
1470 31 50 55 58 69 70 134 140 293 176 159 156 126 274 104 243 89 194 68 4 145 160 237 241 248 258 267
2650 50 66 74 124 131 149 159 89 150 82 272 37 173 181 184 198 222 275 277 293
2110 9 21 43 59 76 82 85 94 129 246 158 221 57 11 95 244 272 160 112 80 143 288 69 201 273 280
1300 68 95 142 133 69 172 262 111 239 229 259 180 42 58 83 171 173 182 206 213 215 232 291 293
340 51 105 148 216 227 289 179 20 241 43 231 228 127 275 48 299 168 204 206 213 242 250 257 273
130 21 53 67 81 89 124 150 206 167 229 106 214 277 245 281 210 5 211 76 243 20 104 249 110 290 57 4 59 86 7 46 204 215 219 239 268 273
890 28 55 75 79 97 251 33 91 220 64 42 182 277 259 26 256 271 21 155 129 178 297
1540 14 45 59 87 96 109 120 132 148 84 290 38 227 83 138 147 293 204 285 228 75 6 288 92 70 299 108 251 230 236 245 247 268 275
1220 4 25 59 74 121 127 155 55 69 201 232 84 67 286 166 298 179 193 224 237 284 299
210 9 20 96 98 100 103 105 121 145 148 158 162 166 224 106 43 243 157 143 29 214 222 287
510 17 25 34 77 160 271 111 214 74 30 15 232 184 297 12 226 134 203 208 237 166 132 268 256 164 251 116 29 212 282 69 174 231 175 178 204 265
2460 52 77 95 110 160 173 38 48 201 228 237 241 256 280 298
1800 6 64 100 134 136 147 149 159 173 214
350 19 41 69 86 94 101 163 240 51 242 103 194 76 272 181 199 216 261 273 290
1120 2 78 109 116 135 161 197 94 1 215 158 115 77 193 142 36 256 271 44 284 300
1950 31 49 70 82 118 126 137 138 158 161 169 86 173 117 233 134 143 200 19 85 244 65 95 193 195 277 272 252 194 8 52 57 292 179 196 198 209 229
940 15 52 61 63 85 88 96 99 120 125 151 154 167 221 178 187 156 277 191 213 94 171 186 261 287 289 297
1040 4 9 55 70 108 110 125 166 82 162 199 54 221 252 275 237 265 72 46 212 137 201 225 233 239 290
2660 34 93 108 109 110 129 135 140 142 149 161 162 291 164 270 80 288 176 45 128 41 44 46 184 194 223 224 280
1040 55 108 127 132 156 161 169 264 247 166 207 190 194 266 277
1790 28 72 78 110 113 141 147 161 38 279 290 227 252 256 271 275 291
40 23 137 159 173 124 55 123 192 114 181 138 128 251 131 164 215 212 214 228 258 270 289
230 21 56 61 70 74 85 102 117 124 155 159 59 239 255 274 263 257 35 130 141 200 259
2660 9 25 52 59 82 87 99 122 131 137 62 92 120 278 8 228 281 179 266 31 95 97 197 242 290
1240 20 44 68 115 135 151 179 198 64 4 272 269 136 190 9 137 56 71 270 21 124 63 221 118 255 51 253 104 197 32 120 274 229 219 238 273
140 10 28 35 39 53 61 63 99 108 141 143 145 158 5 227 298 66 299 70 251 297 42 162 77 191 204 269 273
670 86 103 117 148 159 38 61 252 260 101 58 221 17 277 42 70 238 266 197 214 245 253 273 279 293
1880 37 109 136 187 288 142 267 25 35 161 88 182 27 211 230 247 253 276 287 293
560 27 36 126 127 179 3 97 188 16 221 267 230 132 82 42 162 143 116 219 263 266 273 281
1700 19 83 114 159 184 240 150 294 208 283 68 106 44 241 121 217 232 233
1250 111 122 147 153 162 177 178 171 144 136 21 40 154 203 213 215 265 289
1930 11 72 86 114 121 130 162 163 176 178 286 182 230 211 155 248 245 181 73 60 37 204 24 10 215 149 66 205 208 276
2770 31 33 99 110 138 154 178 210 247 105 104 236 35 266 142 158 68 227 233 240 270 277 293
1610 28 48 49 88 106 115 126 134 13 178 299
2560 37 55 61 72 78 94 119 124 139 177 187 89 204 162 126 189 289 148 121 275 101 5 158 228 186 16 99 265 201 213 222 224 278
240 15 25 31 61 114 124 132 187 86 84 164 232 35 50 26 117 72 285 160 118 293 104 296 105 90 178 200 212 235 236 248 257 260 263 271
2150 12 32 57 79 132 180 232 272 133 108 221 296 176 34 124 205 206 248 257 259 278
970 19 31 97 98 106 140 178 155 138 78 83 56 185 283 60 133 68 198 120 205 223 259 287 293
2350 2 70 171 5 83 197 13 54 114 165 174 180 36 280 251 267 66 212 230 240
880 85 122 141 155 221 233 260
1420 85 96 148 153 157 173 193 73 23 111 154 213 260 288 206 235 242 266 289
1020 69 78 99 126 153 162 170 194 197 60 95 145 253 173 236 295 216 277 113 285 188 234 87 168 15 284 248 264 6 148 105 83 120 167 289
1500 1 11 31 32 34 35 75 94 143 288 89 105 194 268 114 283 9 280 208 200 199 209 150 37 127 273 293 298
1250 4 45 59 72 80 114 168 78 217 86 156 166 256 50 43 298 10 125 199 139 203 287 38 102 251 230 79 34 6 167 136 106 69 239 85 64 235 242 265 291 300
1270 17 28 79 106 119 130 136 182 279 213 122 297 217 240 242 252 275 287 293
1210 2 4 19 28 47 90 110 120 126 141 147 173 192 205 194 31 77 241 279 211 217 246 271 283
590 15 32 47 55 108 205 178 228 246 258 149 72 236 268 222 212 265 76 159 232 85 241 248 282 294
510 38 56 62 69 78 102 108 141 168 195 4 239 242 261
720 34 59 72 129 151 168 194 208 190 230 106 241 128 132 226 247 278 287 290
1990 20 29 56 97 116 136 140 143 173 180 209 125 45 87 198 9 111 8 201 19 220 261 93 86 184 132 84 35 61 229 244 246 253 295
90 17 71 87 120 130 138 159 179 203 207 292 224 166 40 41 2 266 73 252 62 228 127 273 80 193 197 167 152 236 237 245 247 284 287
910 17 25 62 68 81 94 114 150 159 168 172 173 84 158 221 63 184 236 80 284 135 189 11 2 175 226 265
2140 70 98 114 126 131 177 184 194 155 193 245 276 115 139 147 166 53 168 30 281
610 6 51 108 146 167 204 72 176 86 288 4 222 7 257 232 62 249 114 287 291 293
1430 53 61 92 101 115 128 140 192 206 25 109 208 23 288 50 141 49 207 229 246 68 255 8 261 94 126 224 54 36 233 238 252 279
480 78 122 126 129 130 145 162 224 239 246 287 299
1340 47 87 107 133 148 154 248 81 191 19 36 50 187 69 77 168 111 136 126 256
1420 8 15 28 35 133 157 169 212 26 125 128 53 4 65 141 231 232 242 248 256 273 280
2580 8 56 92 110 130 154 160 162 165 179 180 187 189 191 199 214 292 22 3 25 202 28 151 249 239 242
720 15 76 78 101 102 127 133 159 162 209 216 120 115 197 22 98 164 69 278 172 43 231 257 261 271 290
1290 56 101 130 153 159 161 111 70 181 57 75 67 109 121 50 33 114 200 16 38 47 74 12 11 284 261 119 239 242 244 258 264 275 300
2240 3 27 35 50 52 82 98 108 111 120 154 172 213 217 91 58 253 142 134 181 26 158 89 13 197 171 218 296 229 252 255 266
2970 6 45 55 65 88 138 144 153 160 180 121 5 294 278 152 237 148 22 230 247 256 268 269 275
1350 25 92 105 125 131 135 173 287 249 214 211 292 101 52 235 227 230 251 280 289
870 3 27 37 44 48 67 78 98 112 157 167 170 188 20 263 100 183 134 267 19 195 105 226 93 1 243 113 85 292 236 148 271 229 228 232 282 284 286 291
2010 19 25 33 76 79 101 110 120 121 167 170 186 197 209 213 285 143 261 88 147 141 31 72 94 244 184 87 297 227 254 85 237 104 174 96 44 5 55 240 242 246 287 289 291
60 11 67 134 142 166 168 187 217 227 273 232 71 1 178 224 212 234 236 237 242 256 299
2960 15 30 118 121 123 140 146 147 191 194 206 211 33 2 60 66 13 273 161 241 290 201 232 276 269 225 226 14 190 139 83 266 279 34 170 251 284
2020 17 39 67 93 106 111 115 134 135 138 141 167 173 220 110 38 222 16 159 235 256 296 299
2560 40 70 77 80 93 117 119 121 124 150 171 173 198 199 209 216 229 230 136 118 220 15 61 227 166 192 110 241 162 272 267 287
2660 2 25 56 69 98 178 217 130 100 243 134 34 180 51 249 298 31 195 245 291 192 131 135 12 75 9 202 259 262 287
1440 2 39 78 99 108 128 130 204 229 46 20 45 282 12 157 126 273 270 243 275
1200 1 18 38 71 114 134 135 147 159 161 206 226 105 13 59 289 15 58 237 198 133 24 277 294 138 203 32 248 45 140 8 30 263 274 231 295 300
240 17 28 51 70 71 94 96 98 119 195 204 209 213 214 227 229 133 198 24 6 170 291 241
980 9 25 52 64 69 73 92 111 173 180 213 225 228 235 139 128 7 174 148 56 11 127 171 21 15 229 1 89 126 163 86 248 280 283 287 290
50 74 134 141 148 189 11 60 32 78 36 108 243 5 17 281 24 116 294 285 295 187 217 55 289 88 133 8 113 111 252 53 256 265 271 275 282 293 298
200 94 123 157 166 185 206 218 129 221 35 1 268 168 223 277 23 40 101 210 52 152 180 287
1360 82 89 106 108 144 162 176 192 129 151 20 18 32 201 13 195 50 207 96 161 48 228 247
2740 20 96 105 108 114 124 125 133 134 141 148 155 167 192 208 211 230 232 76 163 36 152 138 236 174 47 7 35 67 258 41 270 10 246 209 19 83 298 266 252
460 51 59 69 98 108 111 112 161 176 245 280 140 206 270 31 113 203 6 144 247 167 123 229 95 207 55 107 157 220 68 11 44 223 133 248 228 210 221 156 186 137 261 288 298
1070 3 7 108 119 128 139 143 145 159 162 163 168 172 227 233 238 152 147 252 78 98 234 45 280
730 43 165 178 228 9 277 52 223 212 120
1480 28 57 93 101 118 121 141 168 194 215 233 242 170 6 26 33 49 189 116 145 97 213 148 8 58 151 41 150 76 289 300
2650 53 57 114 128 155 165 209 217 241 254 228 208 85 92 212 10 218 113 274 275
1340 4 20 23 104 182 195 242 225 31 170 126 240 6 190 211 99 2 213 275 156 296
2020 19 32 45 47 126 128 152 194 204 219 235 242 220 209 163 142 298 198 199 237 14 16 286 263 7 125 133 130 290
890 5 16 49 108 110 114 137 149 153 154 156 161 168 216 221 226 233 24 98 66 29 117 42 35 283
2480 34 81 103 98 167 266 276 297 300
2890 37 38 61 72 87 159 160 169 170 173 184 188 201 206 230 226 134 148 153 275 140 256 262 272
790 17 34 43 52 78 109 115 117 136 178 180 189 213 238 243 241 96 183 224 217 124 131 102 207 93 145 255 280 287 296
380 74 89 108 110 115 129 187 204 224 95 279 190 149 154 269 212 189 262 285
1490 1 6 32 35 47 79 93 138 141 147 159 228 246 265 285 256 9 257
1240 28 34 81 98 185 187 217 292 125 157 96 224 266 252 89 298 272 276 283 287
1630 4 37 49 79 118 137 169 173 177 206 254 225 231 220 75 112 251 219 138 273 229 272 174 126 107 183 9 238 150 130 289 266
680 16 22 36 38 51 118 119 128 185 216 199 124 254 2 198 293 222 167 65 158
2150 10 31 70 115 159 209 241 223 184 136 163 40 280 282
560 17 25 30 35 105 125 166 169 98 200 199 44 118 233 83 291 185 268 279 282 296
500 36 49 99 118 120 134 153 161 189 203 87 202 198 65 112 88 131 148 265 4 10 273
2890 19 81 140 212 217 223 228 222 286 99 242 176 69 179 295 90 210 127 65 262
1840 20 32 69 78 82 93 130 144 166 253 100 44 61 261 139 66 233 251 284 291 295
780 69 94 110 118 129 149 185 227 235 248 156 191 90 2 114 273 39 198 280 292
1420 4 57 70 124 134 156 182 204 6 143 265 223 90 50 122 267 280 286 290
2770 28 32 64 99 112 180 197 209 254 260 264 133 68 83 214 276 9 117 7 238 270 110 206 193 284 273 146 274 173 287 296
1860 17 23 110 186 189 195 213 230 241 255 250 61 224 256 203 140 20 131 123 182 12 285 291 52 69 191 268
90 3 34 67 69 94 105 110 117 140 161 190 191 201 227 155 163 264 232 79 33 135 64 289
1670 4 45 114 115 131 141 154 173 205 209 239 158 157 225 133 42 168 295 99 283 102 266 259 8 128 150 137 127 299 292 170 90 143 271 280 282 287
2400 3 21 28 51 108 149 155 187 230 253 2 225 38 87 188 101 82
380 6 7 51 61 90 92 112 115 159 181 187 234 241 242 265 75 93 184 195 280
410 17 50 63 111 115 121 129 169 173 177 227 22 279 208 78 114 79 116 137 68 70 90 2 183 31 238 281 222 198 10 122 158 268 296 160 27 288 287
2410 13 18 21 34 40 63 64 71 85 99 110 164 165 176 178 187 199 232 256 274 74 251 255 58 288 278
1170 13 69 78 82 87 120 129 213 229 230 234 256 263 265 20 189 220 165 205 167 188 260 160 30 58 38 67 115 91 187 176 12 191 168 93 289
600 25 26 33 78 114 118 127 140 162 163 185 187 235 265 272 117 2 59 73 246 39 299 34
2280 6 44 49 50 78 81 106 107 115 167 180 197 247 251 207 164 183 154 141 246 160 170 33 234 225 238 223 299 23
1520 40 67 131 145 215 230 265 15 108 194 255 149 144 190 134 250 287
2730 23 26 56 57 136 168 169 178 179 189 204 235 239 244 63 82 79 75 164 106 81 195 88 89 114 296 67 182 115 297
2720 28 43 56 57 72 74 77 84 149 186 222 225 58 211 124 197 272 132 199 154 101 283 291
1570 2 27 37 51 58 69 92 93 102 104 113 117 119 129 137 150 159 183 207 208 230 253 271 259 136 157 217 65 189 76 39 298
350 44 56 59 78 85 101 115 117 121 123 124 125 145 148 154 161 201 205 242 270 20 252 243 24 165 65 5 131 174 80 111 226 263 181 258 4 220 79 264 90 100 268 82 237 283 287
770 14 48 79 92 93 141 168 186 215 238 271 21 36 52 191 56 71 103 293 298
530 31 34 45 108 118 121 127 140 141 150 173 234 24 43 268 258 52 81 114 227 259 13 28 23 209 131 125 148 238 60
620 15 25 34 57 64 68 118 124 192 200 205 268 56 237 4 48 249 115 28 255 208 280 151 278 45 143 293
2890 1 4 81 102 125 129 154 155 204 214 223 265 137 177 213 138 13 160 171 93 294 262 227 230 287
2910 4 23 52 86 93 96 108 126 136 137 140 170 198 204 228 238 254 266 125 253 287 43 109 34 154 291
870 97 116 118 135 171 194 248 261 264 227 79 299 290 293 298 300
990 21 34 64 69 91 99 206 226 285 237 147 284 232 216 228 280 239 213 207 156 276 157 233 190 179 271 211 265 144 46 252 76 200 255 1 295 119 268 172 23 218 293 41 105 296
310 17 31 51 55 81 134 159 165 170 181 190 203 205 216 217 271 272 242 73 95 115 297
1080 7 24 26 28 64 66 74 79 93 110 167 197 235 238 245 256 273 204 21 39 160 3 184 226 9 2 267 203 98 228 179 82 193
470 1 32 118 141 168 170 183 230 131 142 52 176 136 286 125 180 86 158 248 97 13 68 126 70 109 211 264 186 222 237
270 3 16 21 25 27 34 35 52 64 65 77 114 115 133 140 181 233 236 259 266 299 262 206 278 54 227 216 85 228 154 166 285 38 183 1
370 7 13 25 50 98 100 130 131 135 141 178 213 221 226 227 255 268 263
2310 15 32 41 85 94 114 124 144 163 170 198 257 287 166 84 190 200 43 207 281 68 18 161 38 74 164 3 157 55 238 195 286 75 205 297 216 12 189 283 97 49 295 139 62
1470 28 39 55 79 99 113 139 142 149 192 225 235 238 284 132 159 151 209
810 6 8 115 204 238 261 268 287 293 212 18 262 119 98 128 235
440 18 87 93 94 133 198 199 224 271 277 1 265 59 70 135 259 231 7 252 24 40 287 149 247 42
2810 1 21 70 108 138 173 188 207 228 293 34 179 33 288 72 78 250 277 169
60 47 105 129 171 188 206 233 241 248 255 89 25 140 242 286 279 65 63 27 144 143 90 20 147 281 7 205 135 238 174 12
1770 29 61 79 97 103 108 128 154 162 167 170 188 268 274 275 286 291 231 39 218 23 90 196 229 171 52 56
1670 129 223 119 235 245 7 250 1 50 58 177 15 206 286
300
2100 265 279 48 131 178 195 188 166 209 243 37 239 204 46 78 44 52 71 93 99 124 128 138 149 171 199 208 226 278
210 222 163 278 270 274 14 18 34 99 119 124 130 141 142 154 162 215 221 224 230 252 258 264 282 296
1790 189 96 120 10 152 273 22 44 52 82 107 108 115 116 133 145 164 184 190 193 199 245 246
450 48 142 11 218 265 273 87 85 89 41 51 66 147 151 164 169 200 209 220 226
1820 59 152 28 235 237 233 260 145 160 10 14 80 82 87 89 124 135 136 161 275
1100 235 12 299 103 25 53 273 277 232 19 161 228 198 294 250 112 291 280 93 267 160 172 75 205 183 176 26 31 44 51 71 123 126 157 174 249 284
2270 80 37 187 30 129 29 194 164 73 77 105 123 131 139 184 195 208 223 251 282 289 294 296 297
590 108 37 140 144 9 22 50 76 82 94 125 127 128 133 154 187 194 200 251 272 299
190 294 187 16 270 61 78 67 106 141 132 297 137 72 157 81 198 83 122 142 255 8 234 71 289 11 73 94 220 233 252
1830 3 34 5 213 262 172 284 255 30 233 239 287 216 13 17 57 84 95 100 123 131 136 197 200 201 278 297
1120 4 54 138 9 155 250 62 205 264 70 153 289 19 23 42 52 55 58 90 108 188 197 269 274
1900 6 288 93 147 79 290 74 152 217 223 68 86 111 141 181 200 219 266 285
1250 89 274 292 147 99 112 66 10 281 225 167 263 107 245 48 95 168 171 221 230 285 286 288 294
1120 195 166 81 264 186 242 197 100 224 217 159 70 36 41 112 5 270 111 2 68 158 178 137 27 29 39 61 86 88 120 122 124 149 162 175 182 198 248 249
850 185 157 178 167 277 49 285 290 139 273 91 208 85 133 235 111 67 33 134 22 41 99 109 118 138 230 278
2140 9 280 147 76 260 43 117 184 92 26 45 85 102 123 140 171 188 196 237 265 275
2760 10 73 84 168 62 19 288 142 214 277 95 75 85 86 123 128 145 158 181 199 221 256
1250 144 262 2 249 28 177 170 35 214 29 115 194 83 54 233 100 239 37 251 21 34 36 56 65 66 70 93 111 173 200 245 263 276
1120 6 17 226 212 103 58 137 176 276 207 272 82 220 198 196 37 87 11 42 61 79 129 134 156 182 191 192 208 234 251 264 278 280 286 290
660 156 264 138 284 249 30 65 89 93 127 136 210 295
170 268 236 182 191 171 18 91 256 119 107 63 291 161 50 100 104 108 109 151 189 190 225 232 295
170 196 207 241 189 8 277 15 276 288 214 170 53 3 60 236 234 41 256 23 47 66 111 116 166 200 209 218 223 227 264 278 283
2110 60 263 51 123 86 100 24 11 116 70 34 248 56 22 197 151 135 122 166 271 229 39 147 103 47 231 48 52 74 111 133 141 179 218 252 255 294
1040 23 70 241 192 122 112 226 199 182 142 161 44 106 120 125 128 151 197 221 231 240 274 280 290
520 6 44 99 287 57 248 100 55 70 94 103 126 136 193 267
1050 30 286 279 6 117 93 37 71 16 267 48 97 200 39 43 84 135 139 155 201 221 228 260 264
2400 237 185 264 189 225 163 14 94 88 39 59 47 67 95 123 128 132 155 173 182 190 223 281 285 299
1620 5 18 97 282 284 106 53 294 104 129 177 52 247 141 219 257 161 134 153 149 132 36 45 65 67 90 115 144 160 184 187 195 285 290
2100 7 18 113 236 14 225 85 211 278 36 39 67 86 99 141 150 197 231 246 266 271 272
1780 7 10 26 221 121 190 20 270 231 212 138 51 95 119 123 188 216 222 238 278
1390 269 234 171 57 200 168 88 135 6 76 111 120 137 114 39 102 133 40 32 42 62 68 124 141 160 170 172 184 225 248 254 276 287 297
920 228 164 191 207 36 213 291 185 76 253 254 31 187 206 51 217 138 205 210 56 274 186 255 177 120 62 52 61 63 85 141 147 174 184 197 208 215 236 240 260 282
2520 15 133 137 56 239 265 229 199 178 35 52 60 123 140 148 192 217 219 246 249 251 252 283 294
250 10 23 106 293 218 149 61 257 289 82 216 133 105 18 58 168 2 224 162 39 55 71 73 86 100 115 128 156 182 189 197 251 259 266 290
1000 18 186 33 259 108 150 103 219 140 64 77 93 114 170 223 249 257 274 286
2920 14 32 29 242 184 43 214 220 122 183 206 258 76 60 92 18 204 95 49 158 267 89 138 127 290 175 28 192 79 90 143 174 195 208 222 227 230 253
40 1 7 8 18 19 26 177 199 167 159 126 273 115 118 198 288 152 47 279 242 45 219 90 41 44 56 114 145 186 193 222 223
50 44 233 80 294 274 205 203 43 269 84 232 81 285 58 82 88 135 170 198 244 265 283 288
10 23 26 27 31 276 193 34 69 234 29 14 135 150 270 139 198 204 205 44 55 63 181 199 208 255 264 265 292 294
1390 31 262 292 277 160 51 62 65 96 138 156 176 223 241
540 14 22 37 148 223 49 83 15 290 124 63 164 4 227 92 101 137 250 69 231 65 115 136 176 255 286
1880 19 68 11 94 261 236 225 194 116 161 74 53 139 298 54 147 90 31 45 59 104 156 158 159 167 190 234
1820 16 36 38 154 130 220 137 26 189 85 99 145 169 177 182 206 244 253 277
2910 24 25 38 129 145 86 143 142 3 72 196 149 87 39 1 6 104 272 37 296 146 215 49 66 127 135 153 180 192 219 233
180 37 110 16 28 215 240 289 127 46 42 252 201 49 95 102 104 114 124 132 182 195 197 218 259 275
1440 1 45 69 111 105 97 54 295 235 228 272 276 52 56 60 100 120 131 135 145 155 204 234 283
2190 23 37 294 27 190 68 22 147 224 289 242 206 58 89 124 173 191 200 210 236 240 264 281 292
580 1 4 26 109 115 289 112 23 54 173 113 73 56 210 120 244 205 259 293 183 198 13 181 95 264 77 237 153 52 66 68 114 123 124 128 133 136 170 278
620 15 36 41 165 86 94 229 54 45 189 216 61 249 44 97 201 133 50 55 56 64 79 82 106 112 119 120 129 132 231 233 234 278 286 291 300
2640 147 21 242 8 49 274 196 88 110 73 159 170 58 85 86 96 102 123 160 169 221 276
2630 23 32 217 154 151 109 201 6 30 40 191 296 4 265 58 61 68 85 181 197 205 230 233 251 281
1590 28 46 77 247 140 33 62 32 11 281 48 61 87 23 241 1 227 248 250 3 84 86 96 131 169 174 273 294 300
690 6 22 28 42 277 110 273 299 101 297 158 95 85 215 279 157 295 92 66 90 116 195 197 222 285
2610 11 18 42 46 48 49 147 68 94 123 136 187 210 218 227 245 290 291
20 58 49 34 160 69 39 11 63 188 74 25 92 56 86 102 106 279
560 23 32 33 48 79 37 55 18 284 293 255 238 90 49 126 46 138 74 105 114 117 160 172 188 190 219 260 278 285
2090 25 31 112 285 193 166 10 250 227 256 287 87 272 167 214 141 226 92 297 182 283 198 237 76 123 155 162 169 184 199 236 255 268 290
810 19 34 55 155 38 11 162 140 51 50 47 210 130 120 61 73 96 106 136 138 141 144 203 212 219 237 238 244
980 5 27 140 126 42 285 239 276 284 109 91 171 84 236 135 157 166 178 191 197 210 230 246 270
2070 22 23 36 148 286 33 113 179 158 195 152 46 210 262 64 85 104 128 169 170 214 221 233 239 240 251 278 288
2530 9 34 49 52 203 51 58 101 19 119 110 32 62 126 14 80 66 129 150 168 181 194 223 230 236
1530 11 17 32 52 61 265 293 40 90 136 150 126 164 234 31 133 188 257 289 294
380 21 41 55 76 32 162 39 96 277 118 85 86 100 142 145 147 192 194 225 230 233 239 240 270 274 294
2050 234 201 35 179 49 173 162 60 279 283 277 66 88 119 134 208 219 284
2580 41 74 199 292 170 164 260 119 206 125 239 121 67 92 243 18 20 40 244 204 105 231 28 156 88 114 298 85 188 195 201 103 250 66 81 109 123 132 139 167 176 232 276
2180 13 105 285 242 122 172 18 197 53 44 142 61 224 128 74 151 83 64 299 245 155 94 4 112 48 131 22 65 236 212 177 190 68 99 102 136 149 157 255 264 265 278
1460 9 15 65 149 78 27 29 28 139 156 90 107 114 157 169 179 181 196 209 223 240 252 286
570 12 14 42 47 225 146 79 48 31 54 66 111 290 51 220 148 168 218 208 97 160 197 187 76 89 100 115 156 169 248 274 285
910 39 41 46 55 298 253 124 104 150 73 191 131 234 98 273 296 80 125 126 151 162 197 215 227 245 294
2440 11 14 23 24 293 146 203 206 170 25 129 124 252 84 18 105 136 168 193 227 260 280
1300 9 26 6 133 143 101 271 103 130 292 145 34 151 224 288 87 146 1 119 149 168 207 227 234 235 252 267 291
2560 9 44 95 206 228 241 295
820 17 48 50 69 34 58 82 143 264 235 171 83 7 9 212 255 106 84 169 170 200 206 236 278 286
1710 12 42 55 65 66 106 121 295 279 100 94 186 56 23 161 157 189 218 247 266 290
2070 6 17 78 128 131 253 266 269 295 296
1750 16 31 32 36 63 200 133 68 289 57 160 8 90 114 159 169 189 238 255 271 278 290
2960 48 52 277 213 7 173 271 159 242 35 216 94 99 120 139 189 195 229 233
380 1 9 67 197 75 262 106 84 94 123 153 156 181 188 191 199 208 216 250 291
260 12 36 56 68 242 214 135 149 19 105 285 49 223 240 192 127 99 104 118 125 195 244 293
1030 7 38 61 215 190 166 226 69 266 96 210 283 5 122 121 171 143 114 130 131 165 169 172 197 259 295
2440 9 14 38 258 253 268 161 126 65 122 247 95 139 189 194 229 231 257 297
480 19 34 73 49 8 286 38 3 5 94 165 197 182 225 153 195 248 135 89 177 261 218 95 128 129 133 235 237 244 245 278 287 300
1740 9 18 41 66 73 225 155 89 96 123 144 148 189 206 278
1500 17 38 59 70 73 290 107 211 92 78 128 236 260 52 104 139 98 10 292 154 26 186 87 119 125 151 162 234 240 245 266
630 4 15 29 53 65 297 124 227 271 17 43 162 63 60 262 277 129 50 16 114 103 151 32 51 93 158 176 191 243 255 264 291
460 23 44 49 14 163 291 12 178 135 17 34 224 298 93 288 125 238 155 147 29 208 55 50 148 271 269 52 134 141 234 222 247 261 63 90 96 138 143 173 197 245 255
490 4 19 44 52 57 71 84 5 103 121 122 136 184 189 217 227 240
590 27 31 50 65 205 38 286 64 167 136 222 14 217 277 219 276 229 265 108 121 122 147 159 174 187 196 206 208 210 228
1770 4 13 36 82 191 135 175 108 234 83 217 47 5 119 68 254 20 189 251 126 205 216 244 300
760 37 42 56 62 166 86 126 118 263 178 28 91 67 11 53 36 158 76 93 163 222 288 229 185 187 251 107 127 128 154 164 181 189 191 194 219 226 233 235 278
90 15 21 59 90 269 175 144 240 244 253 296
2580 16 36 41 53 55 57 65 84 173 193 225 118 99 139 170 233 273 280 291
2940 6 12 26 86 90 112 18 208 35 287 85 211 186 252 138 20 1 109 105 134 139 160 216 264
1860 27 42 49 66 74 82 109 124 25 232 242 77 123 9 218 160 211 78 177 112 54 8 153 111 118 148 193 230 271 294 297
170 17 36 48 53 221 170 247 128 144 45 27 82 81 227 13 116 30 216 291 72 266 112 111 10 130 136 177 232 237 268 275 292
1960 3 63 80 192 294 287 253 83 292 121 40 106 125 52 58 86 172 50 265 244 278 252 100 275 197 111 123 134 155 230 236 260 272
600 26 28 46 49 68 274 123 180 114 131 141 156 176 197 208 215 238 245 250 290
1440 69 84 236 225 284 241 122 124 190 215 162 168 175 227 270 285
190 13 25 272 15 43 161 92 192 1 2 79 270 66 193 29 201 225 77 130 298 243 251 103 127 136 144 165 173 215 229 282
640 14 18 23 25 74 96 171 46 261 63 199 155 133 21 34 68 10 106 119 127 154 163 209 233 234 249
1070 41 53 61 71 174 299 135 270 219 200 208 280 281 285 290
460 31 45 171 113 205 292 55 166 149 16 191 151 66 230 178 50 179 214 274 169 124 125 128 189 204 244
1040 6 19 23 35 65 71 85 280 239 186 289 121 167 270 252 99 170 259 251 87 132 264 25 232 257 230 174 253 129 131 159 163 169 179 180 236 285 296
1730 28 44 69 84 79 231 161 21 256 156 278 214 60 166 238 248 42 45 201 142 151 195 240 271 285 298
2290 34 46 65 66 79 93 56 227 70 7 268 121 295 278 119 131 211 225 231 248
1220 9 28 34 73 74 78 96 135 179 58 111 185 118 279 125 55 100 24 267 167 49 165 299 139 141 149 163 174 208 251 280 283 286
1760 13 21 84 90 109 67 296 3 160 279 141 149 176 181 192 229 248 251 295
1410 8 35 89 88 3 178 21 11 123 162 190 197 200 207 236 255 265 278 291 297
1870 48 51 59 93 94 107 182 21 178 193 168 15 215 231 118 211 169 189 161 255 65 206 119 166 172 196 205 225
1520 45 50 53 61 258 140 218 239 257 145 162 168 213 233 245 290
2050 14 15 31 46 68 95 106 182 18 221 294 23 22 256 133 94 180 248 263 241 96 12 143 145 155 176 179 208 251 259
1410 6 13 14 24 48 57 66 93 94 95 145 253 265 49 121 137 153 203 223 268 289
1690 29 48 60 102 175 141 180 167 244 144 155 182 209 224 229 255 265 270 276 297
110 31 65 85 97 48 45 67 131 281 80 231 35 76 179 56 37 192 138 170 189 199 222 225 238 245 250 270 289 298
80 18 37 48 181 225 68 240 3 118 28 34 41 185 120 143 154 168 171 172 221 268 274 289 300
2310 23 42 95 53 3 161 22 215 129 196 183 284 202 228 124 128 133 156 188 191 239 240 259 276
1880 16 26 227 120 216 235 158 215 283 135 56 118 260 130 125 160 168 184 198 208 231 232
1770 37 63 90 92 106 109 115 117 148 15 172 79 126 122 136 94 220 131 151 195 196 200 203 245 252 280
840 21 61 65 89 2 100 30 174 126 105 64 71 244 84 242 166 264 109 179 49 151 282 150 163 195 219 231 266 295
990 3 31 32 48 58 117 213 289 49 115 24 259 77 297 262 46 188 14 149 157 169 186 190 195 202 218 234 283 298
820 30 65 74 80 96 103 105 155 137 112 239 129 87 88 124 208 238 280 260 283 133 154 156 194 196 205 216 217 232 234 257 278
2330 9 23 24 36 66 80 81 98 118 87 250 152 14 241 88 204 148 157 175 260 269
680 23 94 97 57 181 270 141 174 78 33 54 6 10 48 282 228 96 259 285 16 50 7 65 108 258 30 27 241 277 171 83 265 257 17 133 192 194 217 231 273 276
650 41 69 70 85 94 98 116 121 264 14 102 129 187 31 48 182 221 231 45 186 224 295 2 285 1 47 5 147 149 163 173 180 228 281
2890 65 86 96 106 253 8 244 102 247 132 79 69 84 117 175 24 232 249 284
2850 37 56 59 61 62 81 90 118 119 166 261 175 293 262 89 233 25 282 212 269 160 211 69 240 218 6 235 257 195 145 270
170 36 45 79 280 90 269 20 218 8 258 195 99 44 148 155 100 141 162 177 179 189 203 244 268 278
2550 66 84 95 259 116 177 131 225 1 201 165 274 281 82 204 17 130 102 263 60 271 187 227 214 255 145 286 248 24 48 253 240 277 75 232 296 8 190 147 292 198 239 252 27 90 34 297 135 188 215 234 290
110 7 28 44 70 85 103 116 121 124 196 61 262 207 131 49 19 218 241 82 197 149 172 194 195 203 219 236 248 252 276 286 300
510 43 58 71 99 117 128 227 246 2 80 280 95 184 194
390 1 66 69 114 128 129 132 234 283 230 159 46 258 236 245 298 80 52 239 103 7 263 97 105 10 118 75 286 158 160 175 187 190 196 200 244
2100 9 28 103 125 131 49 184 65 45 160 27 133 134 147 200 221 233 234 285
2640 15 31 33 34 49 71 76 100 111 3 132 48 123 121 82 137 23 165 62 8 265 194 160 116 157 206 208 247 298
1950 15 28 86 172 93 132 19 294 171 64 217 144 290 138 268 265 96 148 197 205 259
1830 23 31 39 79 82 86 89 101 106 117 137 238 165 46 147 5 215 288 190 188 59 26 205 128 38 172 252 44 143 182 209 225 250 286
2010 62 88 118 265 10 259 95 262 179 70 192 264 54 20 66 147 41 253 174 225 99 290 286 87 146 216 143 204 5 270 25 58 48 140 170 195 196
2950 9 14 19 31 33 41 43 121 133 135 198 286 112 156 189 191 195 223 224 250 292
2880 11 20 30 32 36 56 93 134 205 114 273 225 179 1 256 15 277 58 258 154 86 40 181 216 238 255 266 300
400 15 39 42 67 84 106 149 268 81 92 177 206 7 77 26 93 229 281 289 227 65 176 230 235 280 296
260 8 35 52 58 59 110 136 16 33 210 233 241 242 260 271 274
60 9 28 57 86 113 123 2 169 194 58 32 291 249 193 235 127 23 97 106 156 12 206 31 107 29 190 165 195 196 240 278
2120 4 9 17 24 44 66 104 63 273 2 155 159 231
1400 44 71 73 80 136 254 221 86 36 152 115 198 260 199 191 111 135 295 208 147 197 267 280
2070 8 18 95 134 156 28 113 99 196 91 149 234 205 83 58 228 153 199 208 245 248 266 274
2550 5 44 71 112 128 175 111 210 3 43 223 63 232 173 46 205 17 110 37 167 198 126 147 176 206 219 225 266 280 299
840 44 68 70 71 136 164 257 275 295 147 148 155 200 203 262
510 12 13 16 23 42 47 50 54 86 128 135 136 292 143 124 165 172 284 32 63 88 4 146 193 287 145 231 214 132 151 156 194 228 229 234 235 245 265 300
1430 41 60 68 86 118 127 232 172 290 146 229 230 83 94 223 288 134 261 122 195 33 289 163 196 249 264 274 285
1420 28 34 44 67 79 102 139 144 252 1 218 14 71 107 159 273 262 235 120 266 264 124 66 129 106 203 167 228 163 190 193 216 221 231 269
1620 35 39 62 69 254 230 269 164 119 61 292 264 270 179 29 297 157 228 195 203 216 248 275
990 23 51 66 71 85 102 119 241 147 104 244 118 165 232 288 213 24 21 180 197 84 231 225 69 236 4 155 181 184 188 208 264 294
2050 3 5 12 37 60 122 143 189 190 200 216 233
2430 11 28 48 82 94 172 154 224 44 209 255 257 222 163 144 288 112 78 161 187 215 225 279 280
2980 43 51 84 138 153 100 90 115 8 121 2 167 203 208 209 234 258 264 269 275 286
2600 11 58 66 83 86 100 121 127 170 96 46 27 142 151 113 180 227 146 26 213 111 57 156 194 195 251
850 20 65 67 104 141 144 225 155 42 137 261 121 208 210 291 34 181 290 249 147 78 97 40 229 19 276 116 263 207 260 159 218 272 68 158 170 177 194 233
2110 9 15 53 150 66 122 249 172 59 226 120 205 287 195 133 67 247 239 176 274 6 74 212 159 203 204 219 227 255
180 14 36 53 60 90 117 17 131 42 85 261 160 268 286 156 164 198 218 221 222 223 241 247 275
800 14 37 50 77 131 149 156 103 292 42 142 194 157 208 189 88 76 160 203 216 234 242 249 269 300
2070 5 6 40 55 68 76 94 107 126 132 133 158 50 159 131 178 187 31 164 274 256 117 287 258 56 28 212 93 169 173 208 239 297
2230 6 21 24 28 42 74 81 99 104 109 116 5 153 173 184 199 221 276 297
1660 34 58 63 64 85 14 110 57 183 69 108 2 84 98 127 169 189 197 215 216 221 222 229 233 264 275 297
960 2 27 86 90 153 124 244 106 103 264 251 215 100 148 149 119 184 196 176 199 239 246 257 282
1080 7 32 41 62 65 146 150 160 283 158 3 4 252 90 226 199 232 240 256 257
800 49 82 106 128 133 135 147 151 141 178 201 80 99 166 185 191 243 249 271 300
1160 1 14 23 57 80 90 102 104 119 126 165 22 59 257 278 109 169 197 215 265
230 13 15 37 57 88 103 106 113 145 149 154 194 237 65 42 169 179 187 199 223 233 236 241 270 300
2770 17 31 34 68 109 179 284 240 231 115 13 98 61 117 201 256 110 70 252 71 273 282 205 215 227 232 238 264 278 291
1390 102 109 141 160 76 57 80 188 43 50 60 166 73 196 4 68 120 249 103 162 67 52 167 187 227 228 230 250
2500 18 22 50 65 70 95 103 155 48 263 114 92 279 38 228 60 264 136 241 214 290 35 218 156 31 215 73 222 223 238 199 231 237
1170 21 31 59 73 80 100 102 123 134 210 265 290 1 16 206 188 255 277 200 201 244 13 218 237 115 177 197 215 221 231 234 235 240 245
1370 6 10 66 96 118 134 135 147 148 153 157 115 129 237 80 31 293 56 109 173 181 189 197 198 200 246 287 290
1540 48 64 77 92 145 210 99 27 273 160 124 172 47 257 86 18 161 260 240 278
910 101 103 119 123 136 255 106 36 6 32 52 88 194 225 264 290 291 294
720 36 89 91 113 125 126 145 254 131 217 122 98 221 266 14 233 238 264
550 6 19 157 229 40 163 41 226 281 145 65 97 85 139 111 107 189 264 265 286 294
2100 18 28 32 37 66 82 94 128 139 171 179 156 295 253 43 127 95 184 257 284
2510 1 14 15 33 86 90 102 108 109 160 165 59 217 245 240 264 278
1590 60 64 102 106 114 119 136 138 150 168 177 67 286 210 103 167 222 242 127 23 111 189 203 207 223 235 262 269 294
1980 97 111 113 151 155 103 124 44 193 196 274 276 299
1770 48 115 123 156 138 293 151 51 197 12 17 67 226 107 61 172 90 234 78 39 186 209 272 274 281 285
2770 21 24 57 82 109 111 124 45 19 191 113 27 135 14 189 272 34 210 271 220 228 43 192 209 235 300
680 6 36 48 116 162 239 225 222 232 240 263
150 16 36 132 163 28 277 161 7 130 3 87 261 31 278 288 117 177 151 32 57 242 192 209 217 286 294
2460 15 27 32 90 106 115 165 263 273 194 195 228 264 287
720 14 32 35 74 84 93 103 124 120 241 37 243 200 181 190 221
1530 7 9 32 68 90 124 128 160 274 54 153 167 131 28 8 88 169 208 264
1990 1 55 65 120 135 169 171 236 16 62 198 235 30 116 11 56 208 274 275 128 151 248 78 206 230 267 270 283 297
1350 3 22 27 43 49 89 109 159 182 74 239 77 210 152 176 179 21 90 251 102 162 81 127 137 34 87 76 114 299 172 83 296 278 297
690 30 47 66 80 98 128 135 141 186 3 241 120 195 42 56 21 149 131 211 108 287 27 224 152 264 194 197 222 227 233 258 269 290 294
130 21 32 51 69 89 102 143 182 47 223 199 165 90 19 258 201 78 85 116 218 216 137 242 59 221 252
780 24 36 79 96 99 114 136 182 107 184 201 63 123 208 19 33 44 210 212 220 247 263 269 278
1750 39 57 92 99 109 141 147 180 70 25 3 254 37 264 94 149 293 284 277 199 208 242 283
440 7 18 42 133 141 159 167 212 239 155 241 174 123 206 8 129 248 147 121 259 202 81 185 156 190 90 130 63 61 289 226 296
1890 1 14 60 65 82 126 127 148 157 190 230 137 7 36 185 104 79 45 119 263 77 28 118 120 150 141 215 129 136 53 273 280 155 218 267
2970 19 22 44 50 116 129 144 163 169 118 180 136 16 121 67 259 109 141 131 88 148 208 216 247 248 258 270 297 300
2200 14 23 66 68 78 82 96 129 151 181 11 51 34 143 86 134 171 190 80 53 59 97 276 206 108 24 172 166 201 69 10 45 29 227 241 262 162 32 200 218 236
1220 6 9 19 37 39 48 57 128 137 143 145 188 288 259 14 278 172 218 38 287 262 117 158 232 208 244
890 24 33 37 65 100 143 191 3 231 193 294 39 1 259 167 164 144 170 163 57 78 290 17 161 237 200 114 250 241 249 289
290 26 31 76 171 186 199 253 108 245 8 131 202 146 152 197 47 268 10 132 257 101 18 172 4 118 22 73 12 208 220 249 258 266 269 280
1290 45 49 51 64 65 99 104 128 165 168 171 191 192 197 26 10 208 235 250
1640 116 194 200 231 204 207 240 120 208 230 232 245 267 276 300
700 38 61 70 149 226 291 280 118 127 250 159 112 179 232 252 129 150 209 146 154 58 157 230 205 207 234 249 260 265 272
1560 1 36 39 65 122 128 136 202 157 291 287 46 102 248 288 297
2000 6 11 32 38 39 48 88 102 135 138 144 145 157 51 134 256 263 121 89 289 253 168 203 109 219 244 296
430 32 36 47 65 70 109 139 141 171 194 197 145 272 88 72 133 254 216 73 188 43 284 83 218 241 267
560 19 22 32 129 156 202 108 179 203 71 225 296 208 228 229 263 286
2200 15 68 86 93 121 143 156 159 188 192 144 97 32 7 106 232 198 234 151 219 211 207 196 88 1 223 201 64 193 231 117 160 244 200 297 36 287 39 295 78 154 133 101 202 187 19 233 299 111 217 239 252 271 276
310 1 153 203 67 154 211 274 250 278 135 282 22 113 184 266 100 181 182 4 289
970 32 48 58 60 80 140 145 156 171 173 179 182 189 47 54 211 20 192 246 59 88 268 233 289
1780 29 84 93 94 109 126 190 208 209 210 270 248 105 250
2840 19 30 66 73 126 157 160 194 58 192 229 249 289
1190 10 32 77 120 151 155 280 110 291 274 278 285 290
1030 17 18 22 36 57 79 102 104 128 147 170 225 289 226 60 250 255 256 268 280
420 44 45 53 80 98 109 116 117 135 163 170 195 153 128 32 162 171 290 283 168 249 299 69 264 263 2 97 166 99 221 240
2300 10 34 49 77 95 117 136 191 206 159 30 149 196 162 152 121 285 138 89 150 251 78 93 242 286
1790 12 14 32 51 88 89 134 175 178 208 121 33 123 223 87 184 269
2490 4 34 68 82 94 110 126 127 129 149 156 170 171 191 198 206 195 253 289 197 286 23 158 22 267 256 270 74 120 239 263 54 45 244 259
1670 28 35 37 88 101 208 12 267 119 145 157 205 129 234 58 33 64 56 297 251 90 292 44 237 252 266
130 19 36 43 68 118 182 9 4 192 200 240 270 278 292 293
1100 30 95 111 124 143 175 26 171 215 270 115 161 266 149 13 280 24 264 247 162 191 186 265 60 17 158 132 246 50 2 234 243 259
2690 2 86 88 90 153 170 179 248 226 30 231 290 53 281 158 114 162 296 36 183 298 37 190 251 266 294
230 12 41 79 145 148 170 191 208 217 270 287 245 22 167 27 158 264 37 35 262 256 40 7 137 233 238 179 112 285 67 61 251 280
1360 14 34 47 66 71 86 124 153 190 2 113 137
2040 13 27 29 42 68 82 83 92 98 99 115 128 136 138 151 156 183 207 214 276 145 242 282 63 105 135 31 174 114 21 153 238 109 264 289 298
1020 19 24 57 80 157 164 176 181 203 214 222 90 288 194 1 4 300
1390 41 52 57 85 95 105 117 128 130 139 155 197 275 246 283 190 247 87 98 273 168 36 274 157 22 71 54 169 69 70 249 264 284 295
2330 6 32 46 116 123 144 149 150 170 182 256 289 147 124 258 267 26 185 298 243 233 257 273 207 169 268 88 247 72 234 245 275 290 294
1980 23 33 49 88 90 139 148 156 176 207 107 81 274 113 212 162 147 99 265 77 245 246 287 289
1380 102 103 131 148 150 195 203 232 202 271 96 139 13 63 2 61 59 169 188 15 36 51 94 261 269
1360 23 30 41 65 104 109 114 124 147 151 168 199 202 208 222 24 268 81 171 29 105 123 274 49 117 142 149 295 119 170 296 280
1090 6 38 94 103 128 145 148 151 198 203 208 230 117 183 21 95 121 125 65 279 202 168 164
1800 5 10 18 38 126 208 223 228 152 49 167 9 242 60 246 248 210 92 63 51 44 162 156 132 278 175 140 274 100 90 269 110 190 77 291 300
2870 9 22 31 39 62 64 69 86 89 131 144 181 208 219 120 71 121 298 42 221 128 171 154 19 132 100 147 84 248 286 159 228 296 49 46 203 235 251
600 5 6 15 46 73 117 126 141 149 188 179 201 147 82 234 71 90 182 171 139 239 249 256
2240 21 22 29 42 59 66 84 98 131 151 188 47 32 197 167 73 57 61 129 108 283 103 96 245 251 252 276
1320 5 27 48 57 167 171 172 199 58 95 277 219 82 16 170 256 276
1270 56 86 104 121 135 170 223 225 298 58 168 283 114 30 175 76 97 138 261 268 280 294
1830 1 10 18 33 59 65 103 110 121 128 131 157 183 189 194 218 235 268 288 160 63 296 116 163 208 60
1350 45 79 115 126 128 168 202 164 84 141 282 171 183 104 63 67 60 32 215 47 87 178 91 116 253 24 173 220 248 276 291
1870 22 24 52 98 111 122 123 129 151 170 186 190 194 197 40 158 199 72 206 140 167 269 278 297
2190 14 36 37 47 50 66 77 79 94 119 179 184 191 225 233 140 216 159 292 193 246
1470 1 65 99 186 228 221 268 85 165 251
1390 48 65 96 113 119 125 151 163 171 208 89 58 91 127 205 198 131 79 290 292 82 294 218 43 102 38 245 264 266
2690 13 66 131 178 200 223 244 147 229 84 236 97 18 69 110 114 171 265 86 54 118 144 228 267 3 298 82 202 281 277 252
1360 130 210 221 227 233 249 295 59 3 29 242 229 163 33 299 172 264 265 273 292
200 28 52 81 86 95 125 157 221 227 228 192 158 259 133 196 273 74 286 284 288 290 291
2310 23 25 52 82 104 111 128 188 194 211 222 233 234 129 144 204 68 288 105 240 150 14 31 196 107 281 249 264 268 291
1560 18 20 49 141 156 157 169 215 246 6 235 199 253 159 33 100 274 35 203 227 248 148 165 14 212 200 125 277 256 267
190 6 11 41 52 57 65 122 199 203 209 214 135 78 97 169 114 211 137 298 201 276
2160 18 89 90 99 103 163 189 216 219 243 285 51 297 236 34 234 223 7 111 19 60 106 107 155 222 33 8 286 290
1180 45 70 93 96 103 128 135 149 164 168 203 67 208 2 33 245 129 298 236 71 292 118 9 219 191 23
960 32 69 81 96 103 112 125 128 136 177 200 205 218 240 249 43 91 36 75 259 268 269 271 290 300
1010 32 89 143 150 175 193 206 31 264
2370 9 10 32 56 73 109 128 153 171 174 296 258 272 39 275 138 57 157 85 108 86 23 41 66 113 214 76 298
1110 21 22 57 104 111 138 160 168 205 218 223 228 237 164 249 17 214 235 259 264 270 283 298
670 28 34 103 110 123 126 146 153 166 173 200 228 163 274 35 296 177 279 267 62 121 289 164 81 284
2130 36 81 110 123 127 131 138 160 191 228 255 296 196 275 2 266 190 154 200
2710 35 48 103 120 123 128 136 194 196 198 199 247 272 267 116 221 256 80 253 218 34 45 134 292 111 276
2470 5 16 65 84 117 121 143 156 173 140 96 26 268 56 122 288 203 293 32 70
660 42 82 86 100 126 148 156 158 184 230 238 265 293 297
20 10 18 40 60 78 85 120 126 129 136 149 197 198 223 146 288 179 264 269 274
1670 13 23 90 111 128 131 156 170 185 195 205 215 218 192 283 183 207 18 292
50 11 14 20 27 48 73 103 119 124 136 149 150 163 170 190 193 215 221 223 148 22 175 246 248 227 256 151 178 168 225 187 2 47 39 85 19 185 176 286 66 93 244 279 262 254 154 162 26 174 266 275 289 294
550 1 4 33 51 62 88 96 112 123 133 134 136 171 221 229 245 108 268 261 166 113 66 176 39 203 16 246 38 292 147 285 287
2680 80 95 149 175 209 221 258 244 29 264 75 144 200 138 219 145 34 12 84 222 296 119 74
1810 6 26 36 106 218 219 228 245 257 259 188 249 195 273 143 202 291 284 71 206 25 285 299
2970 21 81 105 134 139 158 200 210 228 231 239 243 260 265 127 248 115 253 238 95 214 271 112 269 57 278 283
1840 31 38 86 91 126 127 150 233 268 122 179 190 154 200 253 290 11 217 149 159 241 75 230 262 192 286 291
2960 2 9 14 30 39 99 101 103 123 136 150 211 218 221 223 114 256 188 63 98 59 196 167 126 113 220 272 292 294
2840 23 71 77 85 86 128 182 230 268 253 165 293 29 140 94 76 104 208 274
2450 19 44 46 57 99 156 182 206 255 259 203 96 181 8 270 29 282
570 3 4 6 15 37 53 69 138 142 149 168 173 185 195 227 228 247 267 246 123 286 92 297 52
1150 2 13 32 38 50 97 102 128 157 160 187 188 209 227 229 231 233 249 257 181 148 115 68 140 11 213 63 35 24 271 180 144 262 296 294
2690 96 146 188 227 255 258 162 264 228 16 150 95 5 154 45 158 300
10 19 22 39 46 59 88 156 197 225 180 236 65 237 161 123 31 259 18 202 250 116 208 129 240 113 50 285 290
2690 6 15 17 22 40 53 63 64 77 85 88 123 128 138 171 184 193 237 245 249 43 291 300
1740 2 29 96 104 105 166 184 198 209 233 56 189 127 82 15 220 19 241 49 83 168 73 10 173 178 90 22 141 60 121 287 108 213 291 1 76 66 30 192 268 48 280
1910 1 26 37 53 64 74 106 107 170 232 257 264 153 55
2810 6 16 103 121 127 130 195 203 213 221 238 139 200 118 214 294 231 145 143 153 92 19 70 223 278 24 290 106 101 287
2110 13 52 114 128 139 176 222 245 248 51 47 101 296 27 298 181 291 124 297
1610 28 119 123 126 168 209 225 240 7 2 99 163 272 32 297
2220 57 64 80 117 121 131 164 215 227 236 238 263 38 188 193 22 33 46 268 106 256 120 290 297
1420 10 20 28 56 59 98 116 147 168 193 206 257 267 177 227 6 125 64 247
2790 15 38 57 59 66 79 123 124 216 223 251 276 265 13 103 104 101 28 56 267 68 27 213 98 148 53 12 181 132
1800 26 60 82 88 128 131 136 137 158 179 218 234 247 264 273 176 154 135 67 49 35 19 293 269 41 129 251 184 207 13 73 216 106 290
2850 10 25 57 93 96 147 157 160 190 198 204 208 223 278 185 229 31 82 280 172 265
2820 12 17 22 37 71 86 90 135 148 151 153 184 198 226 239 248 260 262 13 247 60 38 290 204
2790 9 11 34 45 47 48 76 103 120 139 148 194 205 214 218 228 257 225 299 199 264 229 62 209 112 115 7 210 114 212 298
1910 12 15 36 41 68 84 134 136 148 156 170 171 199 215 222 244 269 280 288 174 213 276 253 34 228 19 97 286 101 28 54 247 110 292 76 74 190 24 57 251 283 172 128 300
780 6 21 32 86 95 141 156 203 204 213 267 278 281 277 233 240 92 247 108 269 168 49 174 78 54 85 71 248
2900 13 40 65 71 84 96 102 128 147 150 159 219 242 244 252 259 265 290 39 296 270 263 47 246 95 220 137
730 34 48 56 62 70 126 172 181 193 260 271 286 220 261 79
1380 6 9 28 38 47 96 111 134 199 244 280 270 264 184 13 176 222 151 69 174 7 238 62 63 94 179 39 190 228 23 274 33 52 300
2630 46 53 74 105 124 143 146 177 208 231 246 75 20 21 72 80 119 227 107
1220 44 51 69 107 128 189 207 222 231 234 239 255 257 258 266 274 281 292 2 139 205 7 194 103 75 91
490 9 53 57 85 120 128 150 208 219 251 273 81 281 94 7 189 188 261 282 283 108 162 160 204 196 113 161 31 241 10
230 42 65 69 86 99 131 222 228 234 238 245 250 252 281 256 225 289 120 255 133 114 104
2580 6 53 66 101 106 189 208 215 246 289 27 180 267 8 145
1800 129 253 115 275 182 196 82 147 277 52 138 159 89 167 165 226 233 202 49 294 290
0