40
10 38 18 11 26 25 36 21 6 30 31 32
230 29 17 8 22 6 12 14 27 30 32
350 17 7 31 26 30 12 13 29 33 34
110 39 9 32 38 12 21 28 6 16 11 15 34
140 6 13 14 20 25 28
140 4 30 31 5 2 32 1 28 18 11 17 20 29
250 3 13 34 10 16 28
290 2 39 36 10 12 17 18 27 29 40
250 4 35 20 37 38 10 18 39
400 22 26 7 9 8 20 37
80 1 4 13 39 18 6 26 15 12 14 16 29 31 33 35
370 4 26 11 31 36 3 2 8 27 29 34 37 39
150 7 11 26 24 3 5 34 27 23 18 19 21
210 2 11 26 5 22 39 40
140 11 4 18 34 35
50 4 19 11 25 7 17 21 29 36
10 2 3 8 6 16 24 21 31 35 39
230 1 6 11 13 25 35 9 15 8 28 37
30 16 35 13 28 25 37
320 9 10 6 38 31 5 28 29 37
100 1 4 31 23 25 13 16 17 28 30 37
160 2 10 14 29 30
170 13 21 32 33 39
330 13 17 39
210 1 16 18 21 19 37 5 32 34
80 1 3 10 11 12 13 14 29 28 34 37 40
190 12 13 30 39 8 2 28 37 31 34
120 4 6 19 26 27 5 21 18 32 20 29 7 31 36 40
300 2 22 26 28 33 6 34 11 16 20 12 3 8 30 35
60 3 6 27 21 29 1 22 2 31 38
220 3 6 12 20 21 27 28 1 11 30 36 34 38 35 17 33
270 4 6 28 33 25 37 1 2 23
40 29 32 31 23 11 3 35 39
180 7 13 29 31 26 4 3 27 37 12 25 15 35 40
280 9 18 19 31 34 17 33 15 29 36 11 40
360 1 8 12 31 35 16 28 37
60 9 25 27 32 34 36 12 26 19 20 10 18 21 39
140 1 4 9 20 31 30
50 4 8 11 27 33 37 12 17 24 23 9 14
250 35 26 28 8 14 34
40
150 20 2 38 33 19 3 6 13
110 1 34 37 6 5 3 7 12 15 31 39 40
300 1 8 21 2 11 35 23 34 14 29 9 18 24 26 31 36 39
380 19 20 35 17 38 24 9 18 28 40
80 2 16 9 21 30 39
290 2 22 1 17 15 25 26
200 34 30 2 36 10 9 16 28 31
190 3 15 32 26 21 39 13 20 25 38
180 32 10 4 5 18 7 28 3 12 17 26 40
70 7 9 24 34 14 29 28 39 15 23
190 3 14 22 26 23
310 9 2 14 16 18 22 25 17 23 27 31 39
20 26 16 31 1 30 8 36 38
160 3 10 11 12 24 29 34 36 40
190 8 10 2 6 33 38
110 5 12 13 36 35 32 7 25 30 20
190 4 6 32 9 12 37
170 9 12 3 4 37
70 1 4 22 21 26
40 1 4 8 28 21 16 22 31 38 39
340 3 8 20 32 24 38 19 29 5 26 34
360 6 11 12 19 20 33 32 26 39 40
50 3 11 28 34 10 12 24 37
310 4 10 21 23 3 35 14 39 30
210 12 16 36 39 6 31 26 8 27 28 34
380 8 11 13 21 25 28 22 3 27 29 35 30 19 6 9
60 26 25 12 30 32 39
290 9 10 20 23 26 25 7 30 4
230 3 10 21 26 32 14 30 31 35 40
220 7 13 16 24 26 28 5 32 27 29 31 33 36 40
130 13 25 20 29 2 33 35 30 12 7 3 38 36
150 8 9 16 17 21 22 29 30 27
370 1 22 31 30 39 15 40
150 2 3 7 10 23 21 14 25
90 3 4 16 24 26 31 36 29
240 7 16 25 35 38 30 14 13 3 31 40
250 2 17 38 18 23
260 1 4 21 31 36 37 8 20 13 39 15
310 8 10 24 25 33 38 3 22 20 2 12 5 27 40
70 22 2 39 14 30 29 36 33 9 4
40
360 25 31 7 16 3 9 15 33
160 31 5 9 10 23 30 38
20 1 10 7 12 32
400 10 16 19 21 25 32 33 34 36
400 13 17 26 7 2 29 11 16 22 23 32
10 17 10 35 29 13 36 39 11 19 25
320 1 3 5 8 25 12 11 37 22 35 27 39 20
180 7 24 25 26 12 14 19 22 28 35
180 21 2 25 31 36 1 10 37 39
90 3 6 9 2 4 26 11 22 39
380 5 7 12 15 37 25 10 6 20 36
380 7 11 16 30 3 8 18 20
130 5 6 39 25 18 36
360 37 8 27 17 22 24 26 28 34 35
240 11 25 33 1 24 19 23 40
100 1 5 12 34 36 4 18 19 21 24 26 33 35
250 5 6 23 29 33 22 35 27 14 39 40
320 13 30 27 12 16 21 33 19 23 28
60 15 18 16 4 30 31 8 6 33 38 25 27 28
340 7 11 12 25
370 9 18 32 16 4 25 33
340 7 17 8 5 14 10 28 33 37 39
190 17 31 32 37 18 15 5 27 2 29
100 8 15 16 14 31 35 36 38 39
360 1 7 8 9 11 13 15 21 6 20 4 19 26 28 33 37
370 5 8 10 32 16 36 25 14
60 7 14 17 18 23 32 34 19 35
200 22 18 30 8 14 25 19 37
250 5 6 17 23 30 32 33 35 36 38
190 12 18 19 28 29 2
330 1 2 9 19 23 24 33 40
110 21 23 26 27 5 4 29 3 36
380 15 17 18 19 21 25 22 29 4 1 31 16 35
140 16 27 14 4 38
310 6 7 17 33 29 14 16 27 24 8 36
230 6 9 16 26 24 35 13 32 4 11 29 37
60 7 11 14 23 9 25 22 36 28
30 19 34 2 24 29
20 6 7 13 17 24 22 10 9 40
160 17 39 15 31
0