30
130 26 12 3 7 20 27
300 28 14 5 7 10 13 20 21 29
70 16 1 19 21 25 27
160 16 7 8 14
200 24 6 2 18 13 28 9 22 12 14 16 17 25 27 29
270 5 25 14 17 22 28
100 24 4 1 19 13 2 23 20 16 21 22 29
240 20 12 4 21 14 15
290 5 17 20 19 21 25 26
130 2 21 12 11 19 25 27
130 15 10 13 23 26 28
290 1 5 8 10 28 15 24 16 17
200 5 7 11 15 2
50 2 8 6 4 5 28 21 30
120 11 12 13 8 23 25
290 3 4 12 18 5 7 17 20 22 27
50 9 5 12 6 16 26 24 25 30
90 5 16 26 28 21 19
160 7 3 9 29 10 18 25 30
220 7 8 9 25 28 23 2 22 1 16 26 24
170 8 10 18 14 7 9 23 2 3 27
110 5 20 6 7 16 24
120 7 11 20 21 15 26
160 5 7 12 17 22 20 26
220 6 20 5 27 17 26 19 3 15 10 9 28 30
200 1 17 18 20 24 25 9 23 11 27 30
210 25 26 16 28 1 3 21 29 5 10 30
200 2 5 12 14 18 20 27 25 11 6
30 19 27 7 5 2
70 25 17 27 14 19 26
30
280 28 16 18 14 20 17 23 2 3 7 9 10 19 24
100 1 10 12 22 17 28 24 13 15 23 25 27
250 28 29 1 11 13 21 23 25
210 14 17 18 6 23 27 28
30 22 28 7 15 16 29
270 9 19 22 4 13 18 20 21 24
220 5 16 1 21 10 18 24 26 28
300 19 16 28 24 11 18
300 6 1 22 28
140 2 23 19 1 29 7 17 13 14 30
260 16 29 14 8 3 22 23
30 2 17 21 22 24 25 28 29 30
160 10 29 22 3 23 2 6 25 27 28
170 1 4 10 11 24
40 23 5 22 25 2 18
170 1 7 8 11 24 5 20 21 25 27
230 1 2 4 10 12 20 19 27
270 1 4 6 22 26 7 15 8
230 6 8 10 27 17 28 29 1 25
290 1 16 17 22 6 24 28 30
140 7 12 26 3 6 16 30
290 2 5 6 11 13 15 18 20 25 28 23 12 9
70 1 10 13 15 22 24 11 3 4 2
120 2 8 16 20 23 1 14 6 12 7
220 13 15 22 26 19 2 16 12 28 3
270 18 21 25 7 28 29 30
20 19 13 16 17 2 4
10 1 2 3 5 8 19 22 25 13 12 4 7 9 20 26
120 3 10 11 13 19 5 26 12
140 10 26 12 21 20
30
100 9 14 16 20 22 28
220 16 7 23 4 27
270 28 5 7 8 9 14 18 22 27
150 23 21 29 2 16 28 11 22
250 23 3 12 14 6 26 28
160 5 8 13 21 22 23
80 2 3 28 29 12 11 17 26
190 3 6 26 12 25
120 3 1 10 17 15 25 12 19 28 29
70 9 19 27 11 15 21 30
270 4 10 21 7 19 23 25 27 28
180 5 7 9 25 19 8 23
70 6 29 14 20
250 5 3 19 18 15 1 13 26 27 28 30
130 9 14 10 18 24 25
230 2 4 1 21
90 9 25 19 7 28 26
100 14 3 15 24 20 28
240 10 12 14 17 25 9 22 11 28
40 18 1 22 24 28 13 27 26
240 4 11 6 16 10 30
200 19 20 4 6 1 3
80 2 4 5 12 11 6 24
150 18 20 25 23 26 15
120 9 12 17 19 24 11 8 15 26 27
260 8 24 7 27 20 17 5 25 14
290 10 20 26 25 3 11 2 14
280 3 4 7 17 20 19 18 1 14 11 9 5
160 4 7 13 9
180 14 10 21
0