30
180 26 16 21
20 23 20 6 18
110 4 11 22 23 29 28 15 18 25
250 3 17 7 14 27
290 17 28 11 13 16 22
10 2 23 9 14 21 19 8
280 23 25 4 14 29
260 6 10 14
70 6 21 12 17 11
140 8 18
120 3 5 9 19 15 18 27
60 9 14 22 26
130 5 28 29 30
80 6 12 4 7 8 17 19 24 28
210 3 11
40 5 1 23 25
130 4 5 9 20 26 27 14 25 24
260 3 2 10 11 19 20 24
160 6 11 27 18 14 26
40 2 17 27 18 28 26
130 6 9 1 22
10 3 12 21 5
240 2 3 6 7 16
290 18 17 14
260 7 17 3 16
150 1 12 17 19 20
120 17 19 20 4 11
210 3 5 13 20 14
240 3 13 7 30
230 29 13
30
10 22 4 10 19 25
120 28 29 12 7 8 24 25
250 22 25 16 13
210 10 9 11 1 8 12 7 18 27
70 10 7 19 23
290 10 28 14 19 25
10 4 2 22 5 16 21
290 4 16 2 15 26
290 4 21
200 4 5 6 1 16 20 18 19 26 30
160 4 19
250 2 4 22 15 18 19 20
170 26 3 27 15 18 21
180 27 6 23 29 26 18 20 21
50 8 29 12 13 25 27 30
170 3 8 10 7 24 30
180 28 18 22
240 4 12 17 14 13 10 29
260 12 11 25 10 6 5 1 22
290 10 28 12 14 23
220 14 28 9 7 13 23
50 1 3 7 12 17 19
270 14 20 21 5 24 29 30
160 23 16 27 2
240 3 15 19 6 1 26 29 2
20 13 14 25 8 10
250 13 14 15 24 29 4 30
90 2 6 17 20 21
50 2 14 15 25 27 18 23
130 16 23 27 10 15
30
210 27 25 17 20 24 12 21 22 26
90 13 28 25 18
260 11 9 12 18 25
80 15 19 21 24
120 12 11 7 21 25
270 20 23 28
120 24 13 5 11
120 22 26 11 12 28 29
250 15 21 10 3 28 17
260 9 29 23 25 16 27 18 24
290 3 5 8 25 7 14 26
300 1 5 8 26 27 3 17 21 25 29 30
280 2 7 25 26 28
300 11 18 19 29
70 4 9 26
250 10 20 24
300 1 12 9 26
10 3 2 14 10 19 21 24 26 27
160 4 14 18 26 23
290 1 16 6 21
10 4 9 18 1 12 22 20 5 27 28
70 8 21 1
80 10 19 6 24 25 27 29
260 1 7 18 4 16 10 29 23 25 30
10 1 2 10 11 24 5 13 3 28 23 12 26
70 8 11 12 19 1 18 25 17 15 13
210 1 10 12 23 21 18
180 2 9 25 8 6 13 21
240 10 24 12 8 23 14
220 12 24
0