10 11970
11 11993
12 14295
13 23749
14 5814
15 22468
16 20932
17 13191
18 33870
19 24754
20 31415
21 26218
22 38810
23 41555
24 44642
25 56381
26 55338
27 60273
28 65996
29 70651
30 71578
31 80726
32 83824
33 90951
34 92446
35 101527
36 102615
37 111220
38 113285
39 120936
40 122136
41 136125
42 136190
43 141334
44 143873
45 147761
46 151768
47 163271
48 168561
49 174594
50 179677
51 184423
52 194774
53 197228
54 207311
55 211077
56 220535
57 229401
58 235481
59 243803
60 251773
61 256925
62 266683
63 270747
64 282757
65 325042
66 287827
67 298322
68 310504
69 319322
70 322076
71 329596
72 334181
73 347817
74 358390
75 363359
76 382105
77 386516
78 394939
79 409006
80 422673
81 433887
82 448206
83 456506
84 470242
85 476757
86 488080
87 492102
88 506419
89 521080
90 533807
91 542750
92 659934
93 558031
94 568167
95 579645
96 590280
97 607238
98 618130
99 627175
100 637219
101 659009
102 669009
103 677752
104 694465
105 707867
106 715915
107 830605
108 745749
109 758565
110 772243
111 787674
112 817476
113 830110
114 842726
115 857260
116 869272
117 883083
118 901660
119 924183
120 934044
121 1040531
122 966618
123 976125
124 990661
125 1008060
126 1018143
127 1030179
128 1046281
129 1063278
130 1082900
131 1289882
132 1123863
133 1138705
134 1155952
135 1172862
136 1178665
137 1198755
138 1213008
139 1230360
140 1270646
141 1283368
142 1458383
143 1312505
144 1334197
145 1348605
146 1362133
147 1370395
148 1399848
149 1419176
150 1600168
151 1461493
152 1484766
153 1498450
154 1507578
155 1527749
156 1545922
157 1580465
158 1642384
159 1837734
160 1676483
161 1708403
162 1697809
163 1720466
164 1739962
165 1759879
166 2018263
167 1817466
168 1839956
169 1839475
170 1862079
171 1883679
172 1927040
173 2188074
174 1958275
175 1983539
176 1993285
177 2016220
178 2045590
179 2361711
180 2096534
181 2125980
182 2138840
183 2154172
184 2181312
185 2221065
186 2689642
187 2258472
188 2282016
189 2291499
190 2319194
191 2341653
192 2390756
193 2770326
194 2459197
195 2474046
196 2468603
197 2503901
198 2521738
199 2940254
200 2593339
201 2618400
202 2626694
203 2653244
204 2703805
205 3220031
206 2750206
207 2779625
208 2787470
209 2833361
210 3417429
211 2885011
212 2915552
213 2919208
214 2955588
215 3544311
216 3030041
217 3044927
218 3060404
219 3100244
220 3775224
221 3162539
222 3190268
223 3294008
224 3314450
225 4041578
226 3394174
227 3415667
228 3416946
229 3453900
230 4208696
231 3542888
232 3550363
233 3562795
234 3602912
235 4396966
236 3700957
237 3710990
238 3705261
239 3755707
240 4608221
241 3847178
242 3879625
243 3861973
244 3904071
245 4829086
246 3992846
247 4034505
248 4014752
249 4082130
250 5059506
251 4180156
252 4192357
253 4190819
254 4243885
255 5246641
256 4316285
257 4310055
258 4347803
259 4420288
260 5970614
261 4497402
262 4491556
263 4526503
264 5704353
265 4627132
266 4648362
267 4667731
268 4697208
269 5917109
270 4811181
271 4835099
272 4828023
273 4919713
274 6198747
275 5014407
276 5000779
277 5039460
278 5104366
279 6444544
280 5181148
281 5181764
282 5223282
283 5289863
284 6673919
285 5355835
286 5370336
287 5400394
288 6899023
289 5522536
290 5547053
291 5544551
292 5590245
293 7170836
294 5726084
295 5712844
296 5747409
297 5815826
298 7440449
299 5940572
300 5928535
